1 1 0
1 2 1
1 3 2
1 4 2
1 5 3
1 6 4
1 7 4
1 8 5
1 9 6
1 10 6
1 11 7
1 12 8
1 13 8
1 14 9
1 15 10
1 16 10
1 17 11
1 18 12
1 19 12
1 20 13
1 21 14
1 22 14
1 23 15
1 24 16
1 25 16
1 26 17
1 27 18
1 28 18
1 29 19
1 30 20
1 31 20
1 32 21
1 33 22
1 34 22
1 35 23
1 36 24
1 37 24
1 38 25
1 39 26
1 40 26
2 2 2
2 3 4
2 4 5
2 5 7
2 6 8
2 7 10
2 8 11
2 9 13
2 10 14
2 11 16
2 12 17
2 13 19
2 14 20
2 15 22
2 16 23
2 17 25
2 18 26
2 19 28
2 20 29
3 3 6
3 4 8
3 5 11
3 6 13
3 7 15
3 8 17
3 9 20
3 10 22
3 11 24
3 12 26
3 13 29
4 4 12
4 5 14
4 6 17
4 7 21
4 8 24
4 9 26
4 10 30
5 5 18
5 6 22
5 7 26
5 8 29
6 6 26
