35 37
327 308 275 291 316 344 346 305 325 330 326 319 320 329 309 324 327 339 332 310 346 319 325 289 344 311 320 290 302 333 304 323 330 313 287 310 321 
330 313 282 296 314 346 355 307 339 339 329 322 326 338 310 324 334 343 346 320 350 324 327 292 358 320 326 305 309 334 314 322 339 321 285 319 327 
334 307 281 301 314 352 359 314 330 337 332 321 331 332 311 326 333 342 344 318 355 328 328 290 354 317 327 298 300 339 315 324 332 317 293 319 330 
291 272 240 264 283 310 317 267 295 297 295 278 295 298 270 286 292 301 302 282 309 284 290 257 315 282 289 262 261 301 271 290 299 278 253 276 293 
342 322 287 311 325 360 367 319 342 346 345 330 337 349 326 338 345 355 350 328 360 334 345 306 367 325 337 316 318 349 319 335 346 327 303 334 336 
300 289 257 275 293 322 333 284 308 318 311 300 307 311 291 298 308 322 315 298 321 302 308 265 325 290 304 275 284 310 288 301 313 293 264 299 303 
347 335 303 317 342 372 374 330 358 360 350 342 352 353 334 347 359 364 361 340 376 341 351 318 372 344 344 325 330 364 329 345 359 335 310 338 356 
315 298 260 281 300 339 343 295 324 321 320 302 319 319 299 307 322 329 324 305 331 312 320 282 339 301 315 288 293 321 299 308 322 298 277 300 317 
330 314 282 307 326 349 362 312 337 338 336 323 330 343 320 324 337 347 346 318 353 331 330 298 357 319 329 306 304 339 311 331 336 324 290 323 331 
314 299 263 284 303 341 346 296 321 331 320 308 319 328 303 318 326 331 328 306 337 310 321 282 342 310 311 288 295 323 299 315 323 309 276 312 315 
303 279 253 272 291 324 328 283 303 308 301 294 300 306 288 297 308 317 316 291 318 294 303 262 323 287 292 269 272 308 278 293 307 287 261 293 296 
322 303 278 292 316 345 351 302 333 337 325 322 331 332 313 327 333 337 339 317 348 321 326 292 349 312 324 298 304 335 309 327 332 312 287 317 329 
345 326 294 318 335 365 367 321 347 357 344 335 348 346 324 336 347 354 353 334 365 334 342 302 370 334 336 319 321 356 322 335 346 326 306 338 341 
323 299 274 290 311 347 346 306 330 331 321 313 322 329 306 317 330 339 333 310 341 318 324 289 350 308 322 297 301 327 309 321 325 314 281 310 319 
340 313 290 309 326 354 367 321 338 342 340 323 334 346 319 330 344 353 346 326 357 333 337 298 362 321 337 310 313 344 322 332 338 322 292 324 334 
310 295 262 285 301 334 344 295 321 318 319 303 316 315 298 311 325 325 330 301 333 310 316 276 340 302 307 288 286 319 300 307 316 303 277 308 313 
302 285 249 274 289 320 325 283 307 309 303 296 307 310 286 301 309 316 319 294 327 300 298 266 330 291 296 272 281 313 279 301 303 285 259 295 297 
310 284 260 274 298 329 331 291 313 319 306 295 307 314 291 299 313 322 323 300 323 302 308 265 329 295 302 282 283 316 291 299 316 296 265 296 310 
302 279 251 272 285 317 324 281 302 302 299 287 295 306 278 292 308 314 315 287 318 295 298 265 327 285 296 269 270 308 276 294 305 285 259 291 296 
280 259 224 250 266 296 303 256 282 285 279 265 280 282 262 268 287 295 288 261 300 270 281 241 303 263 275 249 254 289 259 275 286 259 235 261 273 
325 303 274 297 309 345 353 308 331 333 322 311 328 326 306 318 333 341 333 318 345 317 327 288 348 317 317 298 299 335 306 318 333 314 288 312 329 
355 341 309 324 343 378 380 332 357 366 354 351 355 359 339 350 360 369 370 346 379 352 360 321 377 340 349 327 333 368 339 351 361 343 320 343 356 
322 306 273 296 313 342 345 297 324 331 328 314 325 323 302 314 326 336 335 312 338 320 321 282 351 310 315 294 293 333 306 322 330 309 281 311 317 
296 279 252 271 291 317 322 284 300 305 306 289 305 305 288 296 308 314 315 293 325 291 306 263 326 290 294 269 275 306 282 298 305 288 258 294 299 
314 299 264 287 301 336 343 294 318 325 315 309 316 320 301 315 323 329 323 308 331 311 320 281 336 300 306 288 286 321 299 308 322 301 277 305 313 
347 330 301 320 342 375 373 333 357 363 350 338 350 352 331 348 355 361 359 336 368 342 353 313 373 336 345 319 330 362 335 344 358 340 307 343 352 
294 274 239 261 283 310 312 273 292 302 290 277 291 299 278 286 296 308 306 279 307 279 293 256 310 281 281 265 262 303 276 283 299 278 244 284 294 
309 292 262 286 305 336 339 289 316 319 317 302 311 320 299 309 320 324 321 306 332 302 313 274 334 302 308 278 291 316 298 309 314 295 273 306 310 
308 284 258 279 293 321 333 283 310 316 309 295 306 309 291 304 311 317 320 299 327 295 304 268 329 297 303 274 284 312 286 298 308 294 263 290 307 
369 351 321 343 359 389 395 356 374 378 370 366 369 377 355 371 376 383 383 364 390 365 379 332 394 361 371 340 343 381 359 367 381 360 329 359 373 
338 322 295 308 331 359 367 324 343 349 339 328 345 348 325 335 346 355 355 335 359 332 346 307 362 332 342 316 318 349 322 335 344 329 302 335 340 
328 310 269 291 313 341 352 304 334 332 328 319 326 332 313 316 330 344 333 314 343 318 325 286 350 309 324 294 299 338 303 323 329 311 284 312 328 
332 314 280 303 325 353 361 308 338 344 334 327 332 334 321 328 344 346 350 318 356 323 337 298 359 317 326 306 307 337 310 327 336 315 292 320 335 
329 314 285 305 321 356 361 313 341 340 334 324 329 334 312 332 341 348 342 321 353 324 332 299 353 323 329 299 307 341 315 332 335 318 296 318 337 
298 287 250 277 294 321 325 285 311 309 302 297 301 311 288 303 313 321 318 296 324 294 305 270 323 291 296 272 273 307 289 302 307 290 263 296 304 
