29 12
189 180 191 191 179 191 202 156 187 158 188 165 
179 170 193 182 169 190 190 147 181 149 189 161 
184 175 191 179 172 184 191 152 178 147 185 162 
203 187 203 200 190 201 210 165 200 165 202 183 
198 193 207 197 191 203 206 172 200 170 202 181 
195 185 202 197 184 203 201 165 191 167 197 178 
180 176 194 182 170 189 198 158 185 151 192 169 
200 191 205 203 187 209 206 169 195 168 203 184 
208 204 214 208 195 216 216 181 204 176 215 193 
193 187 201 198 183 200 208 166 191 168 200 181 
188 181 198 184 170 188 194 158 187 155 196 167 
215 200 217 209 198 213 223 184 208 176 214 195 
182 179 197 189 173 191 200 161 189 152 189 164 
203 195 215 206 196 214 215 177 202 179 215 191 
184 180 194 190 172 190 196 154 187 157 189 162 
198 190 210 208 187 210 212 178 197 171 211 181 
192 186 204 189 178 197 201 165 194 158 198 170 
196 195 214 203 185 203 212 173 196 165 202 187 
170 167 179 177 166 184 184 145 176 142 184 160 
190 174 199 184 178 191 198 161 187 151 195 169 
180 168 185 180 164 184 186 149 180 149 187 155 
194 185 207 199 185 205 204 173 195 167 201 183 
189 184 201 198 179 199 209 165 189 167 195 179 
199 189 201 195 185 198 209 167 197 169 201 177 
208 198 210 204 192 214 212 178 201 174 212 183 
204 204 212 213 197 210 216 179 206 171 209 187 
204 196 222 213 192 215 215 180 203 175 215 189 
212 204 215 212 194 213 222 181 208 175 212 193 
177 167 185 180 167 177 186 143 172 146 184 161 
