100
3 1 5 15 13 11
3 0 8 23 22 21
3 3 3 6 26 24
1 1 6 25
2 0 4 14 29
2 0 1 20 18
2 0 7 25 8
2 0 5 12 27
2 1 4 9 8
3 0 6 23 7 14
3 0 3 6 21 18
1 0 9 10
2 0 7 30 17
2 0 4 8 9
2 2 0 10 8
3 1 5 12 11 12
1 0 6 4
1 0 7 18
2 1 6 14 15
1 0 6 14
1 0 6 14
2 0 4 7 23
1 0 3 16
3 0 10 26 26 26
3 0 10 1 26 5
2 0 0 0 0
2 2 2 25 17
2 0 2 23 2
3 1 0 18 12 30
3 0 2 3 2 3
2 0 10 21 24
1 0 1 24
3 1 5 12 24 12
3 0 4 8 10 22
2 0 6 8 20
2 1 1 9 0
2 1 3 5 6
1 0 5 12
2 0 4 24 10
3 3 9 10 2 3
2 0 1 20 0
2 1 8 21 26
3 0 8 20 27 2
1 0 8 22
2 0 1 0 0
2 0 0 26 30
2 2 5 4 25
2 0 8 21 25
3 0 6 15 14 8
2 1 3 2 12
2 2 1 28 24
2 0 7 24 18
2 1 2 30 19
1 1 5 15
1 0 3 5
2 0 6 23 24
3 0 9 26 19 29
2 0 6 11 14
1 0 7 17
1 0 9 15
2 0 2 23 2
3 0 10 7 26 26
3 2 1 7 20 0
2 1 9 24 4
1 0 5 12
1 1 0 25
2 2 7 22 26
3 0 3 6 5 5
1 0 9 29
1 0 8 7
2 0 7 18 17
2 1 9 24 24
1 0 5 17
3 0 5 11 23 23
3 3 5 6 15 2
2 0 4 30 4
2 0 8 15 7
1 0 2 2
1 1 0 11
3 1 5 22 14 27
3 1 10 26 27 26
1 1 0 10
1 0 7 18
3 0 0 10 9 22
2 1 10 27 26
3 0 8 12 14 21
1 1 1 25
1 0 9 24
1 0 5 27
3 1 7 3 18 17
2 0 3 16 28
3 3 10 15 22 23
1 0 10 30
3 0 9 0 24 18
2 0 0 30 30
1 1 7 20
3 3 2 15 17 7
2 1 8 30 3
1 1 5 23
3 0 4 7 19 8
