10
55 41583 14 20 70 2 2 28 7697
2 8 0 4 11 2 8 10 13 4 6 4 9 0 6 2 2 0 8 13 2 9 3 14 14 9 5 9 12 6 11 6 14 11 10 11 6 4 13 4 8 5 8 10 5 7 12 14 14 5 13 1 6 8 7 
9 19 8694 19 5986 16 8423 0 9777 20 7170 8 4967 17 6428 18 2152 16 1867
2 27 1031 65 1581

79 90144 21 22 51 19 20 46 5035
21 6 1 5 13 9 6 4 6 7 0 11 14 9 7 12 8 12 17 6 11 14 20 13 16 6 7 8 4 21 9 1 5 8 7 16 18 13 18 0 19 18 11 9 5 19 19 12 9 15 18 19 5 14 10 21 20 17 5 1 14 14 2 19 1 7 13 17 19 7 17 16 4 4 1 7 1 20 19 
9 21 9697 8 3550 15 1734 10 8568 6 4373 10 7599 12 5704 10 3659 17 1115
2 42 1796 24 7019

33 87028 28 9 34 14 4 20 8051
25 24 26 21 11 2 16 20 15 12 14 23 18 6 5 2 11 8 15 24 22 22 2 16 20 20 19 10 8 19 20 4 6 
1 8 2926
8 10 3681 8 5240 4 8623 31 7871 22 5870 5 5586 27 7580 5 3370

82 29010 10 4 64 6 1 37 7614
5 1 6 1 7 3 1 7 7 3 2 8 0 2 3 10 3 0 6 2 6 9 2 2 4 3 0 9 2 10 4 6 0 8 7 5 1 6 1 8 7 1 3 7 1 6 4 4 5 10 5 0 6 5 1 8 8 1 6 0 1 9 6 10 6 0 5 7 4 4 3 0 4 6 5 3 2 7 6 5 7 0 
5 2 7866 3 4393 0 6210 2 9464 3 4146
0

100 9869 27 40 41 13 6 37 9176
6 14 26 13 7 18 4 4 14 2 8 27 24 21 8 27 3 9 3 17 23 7 4 15 5 16 0 3 6 19 15 24 5 26 21 12 16 26 0 2 0 9 13 9 14 22 8 1 15 11 18 22 2 22 22 8 22 6 11 12 25 10 8 3 20 2 27 8 0 0 22 0 21 8 21 19 14 1 20 13 25 10 7 27 16 1 7 23 7 2 7 5 25 16 20 17 2 19 10 2 
3 1 986 12 6800 10 6259
8 31 9253 4 8103 15 8301 0 1634 23 548 22 625 28 7180 7 9289

25 84402 25 1 63 11 0 8 5093
25 6 5 21 10 18 14 15 15 25 13 12 25 9 23 8 4 7 6 12 12 25 5 11 22 
1 0 1778
0

6 56872 46 37 58 38 11 45 5566
46 35 22 25 21 37 
4 19 7665 7 2597 21 9674 19 5399
5 33 8566 51 3758 15 6919 40 7329 52 3741

13 20348 4 30 17 2 1 12 8809
2 0 1 2 2 4 4 2 3 4 1 0 2 
9 15 2586 15 1782 19 8649 19 4350 20 2223 20 7782 28 7181 8 3600 23 6968
8 16 9769 3 8061 14 3602 6 1803 8 6497 14 8161 11 2515 13 238

63 48888 54 15 19 40 9 4 2885
42 50 37 5 20 17 46 53 40 46 10 41 51 43 19 31 1 13 28 53 26 41 27 28 49 18 36 52 9 18 34 52 0 3 44 8 20 35 6 6 13 3 34 9 33 53 27 35 53 0 20 24 41 35 39 22 40 7 19 50 25 53 34 
2 13 6183 8 2814
0

3 13693 7 28 43 2 4 28 5714
1 0 3 
3 11 8570 17 6997 18 8297
10 25 9 14 1632 28 1323 14 7348 11 5713 39 8586 20 6559 15 5624 16 2508 34 6506

