50 1000 27 20 2000000000
36 45
1 28
21 37
42 18
39 5
28 14
17 48
35 14
44 16
46 43
30 1
6 10
38 2
5 26
12 27
2 0
2 19
4 25
13 17
9 41
37 17
37 49
12 19
5 27
27 29
33 40
29 46
10 42
47 18
17 8
1 8
44 26
6 14
7 2
27 6
21 0
31 34
39 37
39 2
16 47
24 36
19 0
32 42
49 17
13 0
34 39
5 1
39 32
1 44
34 11
40 15
21 43
46 24
3 40
16 48
13 35
4 28
23 33
6 1
40 38
6 22
21 4
2 32
7 8
12 46
20 45
20 6
12 34
38 44
25 37
34 27
42 15
42 46
24 7
41 5
48 44
22 3
26 33
39 48
48 47
47 9
13 5
46 1
0 5
25 48
21 44
6 2
21 41
47 12
26 32
29 10
13 40
24 37
1 23
26 11
11 14
41 30
17 27
12 1
24 41
26 4
13 38
0 37
15 21
24 32
45 30
7 18
34 14
10 40
44 20
34 45
7 6
42 9
21 16
17 5
27 21
30 11
33 5
41 34
21 35
31 18
40 2
0 47
35 31
35 30
19 27
6 48
35 28
8 37
22 1
39 9
34 33
36 28
41 11
41 7
30 42
11 31
11 25
24 35
13 6
12 16
1 47
0 7
43 22
40 35
40 39
12 29
49 2
8 46
12 6
48 5
10 36
11 6
46 40
35 2
43 49
15 46
43 24
22 49
48 20
14 2
9 28
7 17
32 30
47 22
30 39
41 32
36 27
17 30
13 45
17 19
0 27
16 5
32 5
28 16
49 16
36 41
23 46
37 48
32 6
24 5
12 31
37 43
13 12
27 13
21 45
30 3
11 23
13 14
42 2
2 48
40 14
18 3
30 48
39 16
12 37
6 36
38 17
36 22
26 3
26 8
39 19
26 22
20 40
39 14
47 3
47 39
33 15
37 6
46 19
26 35
10 26
21 24
4 10
7 4
3 41
16 6
14 37
43 44
37 44
38 34
25 42
41 6
23 36
10 48
11 5
17 46
10 8
8 44
36 11
33 2
11 33
23 2
17 3
35 8
26 42
39 25
46 37
49 14
6 47
36 31
19 9
34 30
35 49
35 45
19 20
13 8
34 23
46 34
37 3
40 6
23 19
49 42
0 44
13 29
4 37
30 6
13 9
47 40
28 47
10 27
0 39
17 16
11 24
23 0
5 7
40 16
45 10
18 2
17 41
42 19
24 19
5 20
46 3
20 21
17 6
41 14
11 17
16 18
12 32
19 1
31 15
35 42
41 13
15 9
25 44
48 24
7 1
45 39
38 25
16 11
37 28
22 17
26 36
2 45
40 5
21 39
29 15
15 0
10 7
29 7
49 7
30 44
14 32
5 4
20 24
36 39
32 23
29 31
39 49
31 16
4 43
18 5
21 49
27 41
34 43
24 44
37 40
0 11
45 48
47 33
40 36
0 1
39 12
15 38
12 33
40 9
26 47
32 20
4 0
2 21
29 26
29 34
14 23
6 46
44 7
37 33
23 17
19 32
6 28
40 44
18 49
11 21
43 12
40 29
15 4
41 25
32 49
16 27
22 5
43 9
44 35
31 47
34 49
2 41
18 29
8 40
3 42
31 7
35 10
24 47
0 3
43 10
45 49
3 10
10 30
28 2
49 46
45 8
45 33
4 18
38 23
33 49
23 15
47 2
47 17
47 15
16 15
33 31
34 36
43 26
5 12
23 20
10 12
18 45
11 47
25 1
11 3
48 29
33 1
33 46
16 43
24 30
43 30
48 35
2 16
24 29
44 31
40 25
35 32
40 45
6 19
13 3
31 32
32 33
20 42
6 15
14 8
19 28
9 26
5 19
43 17
24 12
11 18
7 34
45 43
4 42
42 14
47 21
41 42
44 10
21 13
5 38
19 37
14 46
13 10
22 21
29 33
41 10
1 39
48 15
19 8
17 9
30 12
22 45
21 17
7 13
23 47
47 41
19 11
43 8
24 1
11 32
16 37
40 32
39 7
34 18
19 22
4 34
5 29
14 30
7 16
49 8
30 36
25 49
13 19
31 8
24 3
12 45
12 22
36 12
13 23
24 23
23 22
27 3
20 35
43 32
45 0
32 37
23 29
36 46
39 13
32 16
26 6
40 12
28 46
38 11
37 45
21 46
39 26
40 21
15 5
1 18
5 3
43 25
34 17
46 32
15 7
37 11
33 39
8 18
31 30
9 44
39 28
24 18
13 34
23 39
19 35
8 25
46 7
33 27
49 47
25 9
40 0
10 15
4 11
41 18
42 23
12 9
26 38
5 35
30 5
11 7
48 23
36 1
28 23
33 21
35 22
35 41
14 26
37 38
44 29
10 18
26 12
11 15
23 4
21 8
15 24
38 27
31 42
44 32
16 20
8 16
9 21
9 35
1 34
43 28
27 47
43 48
21 23
27 42
35 3
13 48
16 30
7 9
47 14
17 10
23 18
13 18
42 43
23 3
28 42
15 37
48 31
31 9
20 34
4 24
15 44
2 24
44 6
34 35
16 33
40 7
46 5
29 45
11 39
9 33
37 30
31 10
21 34
25 26
36 3
16 34
29 16
39 20
38 18
35 38
17 44
12 41
11 49
42 24
26 16
19 4
48 8
23 45
4 12
18 9
13 44
47 8
18 26
35 33
22 25
41 16
26 15
28 26
45 25
25 17
45 31
21 48
17 42
6 3
49 38
24 8
36 35
24 14
36 15
11 44
42 33
39 43
2 17
47 10
14 44
27 32
42 7
37 2
38 30
17 15
20 46
49 10
30 47
2 12
18 43
46 4
25 16
13 16
46 31
15 18
42 44
35 11
29 3
15 2
35 15
32 9
21 26
44 22
20 0
25 18
6 38
27 11
27 18
47 29
0 49
3 45
35 4
17 28
4 22
48 9
37 35
41 22
4 3
14 36
31 23
38 4
13 25
31 49
24 31
43 7
18 6
36 44
25 46
45 28
8 3
8 32
28 8
4 32
17 36
20 3
0 33
3 34
46 13
24 45
28 49
29 22
24 28
24 39
44 47
30 15
46 41
35 12
32 38
14 9
46 0
16 46
33 28
18 12
25 36
12 42
31 3
16 19
9 23
16 1
40 11
31 14
36 48
42 8
37 47
0 41
9 0
37 29
27 28
23 8
20 1
41 38
32 18
28 12
13 43
8 38
27 1
30 0
17 18
39 18
14 18
44 27
9 11
31 25
49 19
22 2
4 47
37 41
14 25
29 20
30 40
26 46
31 27
28 44
17 31
18 19
42 40
36 13
49 41
17 39
2 30
8 0
47 46
13 26
33 13
32 25
38 36
0 42
38 19
43 14
12 14
29 43
0 48
4 41
48 4
34 8
43 5
18 20
4 30
29 30
40 27
42 47
31 39
5 28
14 48
23 6
26 0
0 31
40 43
8 29
43 33
31 4
43 41
27 9
42 1
13 31
20 10
38 31
32 47
29 42
4 17
19 34
34 9
40 41
8 20
34 5
40 48
37 34
6 43
24 33
31 21
28 18
42 5
49 12
42 37
8 11
47 7
15 14
36 0
17 40
39 41
26 37
25 47
15 19
27 26
47 38
0 17
44 4
21 36
20 4
17 33
0 32
46 9
39 10
43 47
28 34
11 43
18 40
48 49
45 6
28 20
10 22
25 3
26 31
6 0
40 19
1 49
1 21
5 8
11 45
35 16
31 28
17 45
19 10
12 17
48 27
37 23
3 1
13 32
22 18
38 20
38 48
39 6
47 36
3 12
8 33
0 43
21 38
17 1
45 19
34 22
13 37
46 39
7 26
39 4
7 32
1 15
19 21
6 49
20 2
47 13
20 17
47 45
7 37
14 7
43 36
0 28
25 0
4 29
30 20
21 42
49 36
6 4
24 13
33 22
20 47
1 40
19 31
48 28
33 41
24 27
35 18
2 9
1 31
4 40
7 23
26 19
49 4
44 39
22 16
34 15
36 16
41 15
39 35
21 29
47 35
10 34
41 48
10 2
27 20
4 8
13 28
25 24
6 29
34 6
18 36
46 11
9 22
43 2
37 18
2 13
49 5
12 0
42 36
10 33
33 3
3 39
36 37
32 21
41 26
13 15
1 13
34 40
38 33
49 27
25 10
43 23
23 27
14 29
33 18
33 48
11 1
1 43
2 36
23 5
34 32
20 37
9 36
25 28
22 14
39 15
9 38
33 25
38 46
19 41
10 14
29 49
30 7
34 25
33 30
22 28
45 7
30 9
40 26
44 3
33 44
33 36
5 47
33 20
27 37
7 33
9 1
44 18
3 2
39 8
33 4
44 41
2 34
44 46
9 45
43 38
26 17
15 3
8 30
48 3
26 34
24 10
19 29
13 11
16 14
22 30
30 26
6 35
20 43
35 25
37 31
20 11
49 44
43 27
1 32
6 21
7 35
21 10
49 20
49 13
17 29
18 48
38 12
1 48
11 12
9 20
3 43
43 35
15 28
0 16
34 47
36 29
24 34
34 48
20
2 25 21
4 44 25 48 14
2 3 4
4 49 18 31 17
3 31 37 5
4 32 18 20 3
2 32 28
3 6 24 9
3 1 9 21
3 33 4 46
3 25 17 28
4 7 15 1 44
4 48 11 24 18
2 32 18
2 39 12
2 15 10
3 17 36 15
4 38 5 3 34
3 6 22 13
2 40 20

