500 500 10000
468 42
1 335
225 170
359 479
465 463
146 206
328 282
492 462
443 496
437 328
105 392
154 403
383 293
217 422
396 219
227 448
39 272
413 370
300 168
395 36
312 204
334 323
165 174
212 142
369 254
145 48
258 163
360 38
242 224
279 30
36 317
343 191
107 289
443 41
149 265
306 447
230 391
351 371
102 7
49 394
124 130
455 85
341 257
377 467
309 432
440 445
324 127
39 38
83 119
42 430
116 334
159 140
431 205
307 478
387 174
246 22
73 425
330 271
74 278
13 98
291 487
137 162
268 356
75 156
53 32
151 351
225 442
431 467
192 108
338 8
288 458
384 254
410 446
259 210
89 222
447 423
31 7
169 414
92 401
156 263
360 411
38 125
484 49
42 96
351 103
337 292
21 375
22 97
200 349
485 169
235 282
500 54
439 419
289 401
468 128
394 229
484 149
422 308
118 311
15 314
117 310
452 436
250 101
57 20
304 299
9 225
110 345
203 490
486 196
344 94
88 24
4 315
201 449
119 459
297 81
282 299
299 90
158 10
123 473
293 39
180 39
158 191
192 459
389 316
12 157
135 203
56 273
147 329
387 363
434 376
143 370
417 345
499 382
152 323
200 22
477 58
390 393
213 76
11 101
370 4
189 362
290 402
424 256
86 3
286 183
427 89
258 118
433 333
155 170
190 222
330 477
193 369
56 426
50 435
13 442
61 146
254 219
424 140
497 280
30 188
438 50
450 367
196 194
417 298
106 287
283 489
235 456
202 115
172 317
264 287
356 314
54 186
309 413
446 333
257 314
59 322
483 147
145 482
223 197
162 130
451 36
467 174
160 45
440 293
25 254
11 155
150 246
314 187
23 475
19 169
406 288
392 459
126 203
415 478
325 315
375 335
160 373
71 334
298 488
178 19
271 274
169 264
486 193
481 103
128 214
100 303
126 28
425 44
473 24
182 62
433 4
94 6
32 226
143 493
287 223
401 65
361 188
475 414
171 271
334 236
261 212
168 397
51 286
195 141
125 196
126 20
195 77
303 159
467 372
94 179
485 352
465 19
153 120
88 301
427 61
258 11
316 171
228 77
259 44
110 165
87 383
488 66
475 78
128 126
429 130
21 424
463 403
97 124
262 238
26 196
261 265
117 203
327 31
272 12
48 412
21 154
425 291
264 189
352 441
330 163
214 401
79 459
8 366
201 478
440 59
261 304
325 358
109 478
388 114
351 302
429 461
385 494
41 406
205 112
357 336
351 73
486 324
217 57
358 127
358 27
272 338
362 370
23 397
113 118
197 218
42 86
130 424
66 230
433 60
356 297
463 54
235 85
473 155
370 458
464 33
484 108
136 412
349 68
439 176
143 224
12 255
176 242
326 460
371 222
435 127
284 206
399 351
202 280
235 194
35 138
494 57
206 177
49 463
301 382
142 414
356 356
463 143
378 112
179 425
444 253
174 297
314 41
73 376
111 319
433 18
196 113
332 170
489 41
91 186
90 498
146 491
315 354
241 152
259 45
260 336
106 193
182 265
330 4
109 276
498 293
57 50
128 62
42 468
241 130
175 314
78 102
184 216
493 214
102 325
260 393
429 171
85 28
287 76
471 499
348 288
4 105
164 222
364 207
172 11
241 490
43 165
414 120
205 92
233 319
206 251
40 476
423 304
248 99
149 85
365 472
76 414
213 46
179 47
263 270
486 20
445 290
41 366
9 246
371 319
324 102
473 133
88 153
264 71
104 402
28 424
470 101
66 16
44 29
89 348
138 444
464 410
182 50
343 89
61 109
259 222
389 455
191 147
344 450
121 431
68 249
284 37
227 36
39 186
130 354
249 225
360 424
267 258
456 445
227 319
26 412
2 356
497 50
16 85
343 465
414 76
197 143
73 449
107 427
430 174
206 405
313 127
94 376
37 66
142 237
495 315
153 257
339 437
356 483
132 16
342 231
12 126
187 138
151 191
135 163
354 394
453 417
263 9
455 234
135 304
257 304
125 149
214 318
29 110
81 201
359 319
156 51
265 362
177 404
410 144
62 403
449 490
154 283
221 175
424 403
370 332
260 379
120 9
4 472
282 446
393 5
314 186
90 199
439 223
411 38
235 462
462 9
494 460
270 16
370 438
201 59
265 472
216 118
316 56
40 331
289 213
455 83
211 86
275 485
316 381
42 452
180 116
399 111
289 74
133 478
190 457
9 114
291 442
364 224
185 29
201 279
386 72
72 475
368 334
296 154
326 169
130 177
99 151
194 310
81 187
250 117
29 168
365 180
406 422
317 327
227 17
88 167
465 182
187 341
163 22
65 222
416 310
374 403
442 125
263 246
32 424
269 307
103 319
308 408
13 482
131 137
310 115
57 85
294 291
153 497
346 55
249 209
213 492
115 132
459 440
205 223
53 496
480 270
424 239
367 419
499 160
197 487
134 463
23 159
393 147
426 38
459 148
308 103
331 99
101 293
300 279
449 353
41 383
76 316
68 263
398 337
398 419
352 329
231 317
426 450
230 159
441 21
148 61
156 163
293 176
255 362
147 399
447 215
70 189
164 139
16 76
476 22
29 116
71 235
465 406
463 58
25 162
470 50
424 331
334 351
411 426
337 238
279 338
137 394
165 215
450 92
6 136
5 338
124 338
471 165
69 109
86 282
374 153
195 153
327 377
73 397
141 250
320 175
112 444
290 442
66 420
86 306
451 217
110 116
167 65
75 394
301 10
74 196
162 90
469 173
32 359
427 269
423 11
280 275
53 411
392 183
265 496
365 375
256 403
475 461
322 473
48 123
290 78
196 106
451 95
255 344
13 482
440 173
413 429
468 263
416 409
224 409
435 260
487 205
459 320
307 446
201 167
193 368
33 288
475 57
22 448
223 284
377 332
449 84
483 224
277 19
112 221
357 183
426 491
487 325
470 178
35 144
169 178
492 69
284 197
228 329
372 427
113 198
28 204
46 409
186 9
238 239
314 444
351 2
112 129
150 151
455 193
182 370
268 466
294 214
473 135
331 473
443 402
378 178
203 271
382 365
324 91
24 238
96 180
328 170
311 43
59 183
488 427
29 171
259 152
361 214
287 284
111 243
129 473
342 435
4 219
366 368
382 439
251 258
99 115
162 459
257 64
279 308
436 490
76 366
387 87
361 334
49 331
493 429
341 434
236 267
100 311
393 338
329 483
370 353
295 245
253 109
433 148
209 36
498 265
150 244
342 16
101 190
149 313
352 24
134 475
201 392
491 355
420 198
79 281
45 432
488 341
26 400
39 484
194 493
12 253
335 61
498 341
30 286
306 41
393 292
50 211
480 79
278 472
194 74
498 121
277 327
83 291
160 79
490 419
450 160
73 425
9 381
209 468
4 478
108 371
75 197
112 223
262 20
391 57
184 164
433 217
242 453
314 455
397 363
116 461
100 405
181 137
33 199
85 388
18 241
171 7
383 242
24 250
106 259
96 122
417 297
179 179
59 80
251 78
230 8
496 82
177 179
400 254
66 285
109 94
244 173
15 430
56 169
474 192
249 423
487 152
447 145
18 78
417 130
292 375
413 470
194 147
316 92
358 450
53 141
52 237
227 488
456 163
395 184
98 181
66 66
262 14
79 79
141 379
448 112
171 446
490 476
150 251
366 334
283 215
433 8
368 397
383 23
142 311
188 232
480 206
39 322
448 352
147 209
260 277
423 190
487 167
29 456
361 115
278 254
4 349
432 362
456 83
107 198
322 253
282 297
456 22
125 448
136 319
275 377
499 360
254 75
136 423
389 144
233 154
181 248
179 427
302 451
200 462
364 356
74 217
246 62
275 474
354 51
288 182
111 200
466 144
30 173
113 482
382 477
391 248
306 172
33 373
321 490
432 166
294 159
79 207
207 449
167 172
198 397
195 21
289 30
485 110
479 470
16 118
185 127
407 169
98 429
391 119
286 200
200 487
211 421
314 272
86 416
81 319
268 332
445 388
8 187
328 361
432 75
272 153
194 269
338 386
105 312
407 178
23 269
1 414
38 43
389 39
290 356
182 148
85 94
262 488
218 494
483 2
166 448
105 254
96 85
222 26
282 465
107 373
344 157
81 94
369 81
214 412
252 469
80 217
41 269
434 32
164 280
154 260
96 437
375 366
336 221
477 181
226 456
309 72
157 60
333 103
441 406
63 376
463 386
337 81
203 298
81 9
77 341
494 59
47 241
274 475
381 98
73 336
208 401
167 456
89 142
169 482
397 316
10 226
137 13
263 456
243 44
423 22
249 13
369 19
215 218
291 151
260 336
396 170
141 304
200 480
292 106
182 162
254 153
30 34
43 488
84 254
315 421
245 219
230 64
365 153
471 270
48 6
488 95
277 327
41 324
491 180
211 89
446 272
471 222
90 184
479 456
7 280
136 263
197 488
89 34
280 436
291 494
466 463
106 2
68 308
135 170
458 172
46 499
219 98
345 339
64 373
265 29
224 302
105 491
228 102
193 198
364 272
364 302
66 222
446 422
496 111
23 242
152 313
56 16
239 394
383 280
155 109
208 323
339 246
291 145
155 340
124 105
79 226
482 225
234 331
95 224
347 131
446 488
117 306
490 251
464 339
198 136
131 210
409 225
475 238
373 421
356 294
62 235
107 57
76 185
120 383
433 242
280 185
284 280
337 168
119 126
29 238
78 120
92 238
296 57
402 61
433 294
81 137
408 376
75 185
291 220
42 477
330 352
475 291
92 73
288 190
240 491
54 394
182 64
6 404
480 177
140 196
499 469
140 84
122 16
327 494
339 223
82 329
479 400
24 392
335 444
350 244
208 203
142 3
347 188
138 392
401 414
191 317
436 163
411 127
383 378
190 261
375 206
223 164
67 196
39 361
312 89
468 246
368 426
43 190
48 64
118 3
24 100
204 227
52 49
137 71
468 459
406 457
463 32
476 320
32 57
45 496
304 92
416 389
320 451
292 273
134 384
143 276
301 70
79 455
258 86
394 334
104 491
234 251
272 223
491 112
142 339
48 259
159 353
303 480
491 184
69 3
396 423
9 136
243 362
200 195
179 189
358 43
348 442
346 470
414 381
211 465
386 62
5 74
204 463
70 103
30 155
75 53
231 150
345 245
119 50
364 66
274 53
232 471
12 248
399 370
104 499
180 353
44 54
89 23
335 64
23 351
412 241
152 493
478 81
377 117
221 179
349 116
180 299
358 136
163 384
263 403
271 421
274 23
187 342
418 389
393 218
268 199
66 250
433 390
82 120
131 4
132 29
153 90
173 131
408 365
429 296
491 182
178 111
237 72
144 460
134 341
394 38
275 131
283 494
462 204
163 291
498 308
424 152
218 391
204 141
384 67
160 162
387 246
266 152
341 102
498 210
251 284
422 59
82 176
272 288
500 288
480 5
201 139
462 31
206 119
329 41
123 460
261 399
436 99
115 482
494 68
162 97
39 247
39 171
56 477
372 418
253 261
434 259
66 256
402 227
260 35
49 394
293 274
434 194
104 138
212 191
169 195
499 128
249 490
148 380
432 150
376 170
450 99
100 437
444 124
155 232
435 362
468 386
394 317
367 205
309 454
185 224
168 293
470 49
312 431
91 315
244 428
100 105
196 475
159 7
359 90
390 310
41 448
365 319
27 476
4 90
413 67
71 341
396 177
487 142
110 152
84 188
391 86
187 251
382 256
3 129
363 278
66 425
333 373
429 386
390 147
384 479
266 426
46 261
322 279
21 356
274 428
252 135
337 176
2 335
311 238
91 475
72 357
436 81
283 146
219 326
213 74
499 38
163 406
193 218
48 40
104 447
116 232
359 340
146 330
200 395
273 146
363 176
274 73
239 481
43 398
204 109
126 278
402 135
383 79
237 170
440 479
222 139
164 427
76 178
482 225
462 201
3 363
96 449
17 185
8 138
285 494
260 445
59 322
169 144
120 178
42 358
265 392
416 124
430 73
216 342
37 116
260 458
453 201
242 94
449 330
299 228
325 225
134 275
39 386
363 171
85 130
379 410
86 424
25 401
106 194
266 413
408 268
285 178
291 205
392 335
86 122
191 235
499 43
19 87
425 122
377 98
170 255
428 109
69 494
103 367
101 439
319 320
485 291
57 340
133 309
315 479
240 288
21 75
55 328
442 489
143 299
322 3
447 105
10 57
209 334
34 262
305 187
143 386
261 343
121 162
79 344
114 188
92 64
416 435
262 157
412 13
252 460
371 239
8 125
85 8
102 452
459 490
291 442
413 14
61 356
473 94
177 403
374 44
152 267
29 276
262 33
4 470
108 230
452 393
393 454
20 71
408 473
6 495
384 441
410 263
39 108
472 361
155 172
15 448
230 24
267 490
257 388
471 133
167 240
284 23
54 161
92 206
387 260
130 188
318 43
357 46
453 389
467 155
261 334
132 420
268 239
99 277
321 315
8 54
217 470
343 223
464 8
448 261
131 294
44 218
315 377
118 127
121 335
293 172
155 465
194 367
276 165
213 1
52 101
380 477
378 444
362 290
273 386
145 435
64 62
447 5
309 389
431 158
465 124
347 75
482 338
112 319
92 293
124 333
492 462
331 462
370 499
401 292
118 180
415 318
442 96
368 437
454 29
474 410
4 482
317 70
368 384
403 386
158 231
68 182
367 311
172 188
246 478
239 265
48 172
93 116
158 312
54 406
81 172
31 241
321 176
378 291
87 499
490 105
245 132
111 389
420 219
428 260
120 110
217 480
397 301
459 354
94 331
350 307
273 355
295 161
334 55
230 147
429 472
242 60
189 422
34 367
271 186
262 330
209 361
163 483
379 7
398 480
39 388
284 470
296 41
134 267
58 10
135 318
136 54
94 259
194 344
452 467
95 141
175 438
98 13
196 52
493 318
238 293
114 31
211 297
129 390
287 310
341 245
70 183
394 121
463 293
28 215
195 308
214 206
414 12
165 194
496 204
382 263
410 447
269 49
12 125
236 455
134 128
363 241
78 128
341 318
101 143
59 401
155 477
431 436
296 332
124 38
428 423
212 30
255 212
254 381
322 294
29 286
1 444
172 56
453 271
132 376
435 141
487 41
249 335
266 40
313 297
53 263
488 232
58 465
57 249
451 171
302 183
100 294
45 333
76 332
51 5
67 27
302 239
344 124
381 442
419 196
364 160
330 129
355 89
480 114
167 70
78 180
403 338
293 116
373 224
324 449
449 154
198 396
409 9
494 412
282 166
111 203
257 329
466 206
270 24
254 216
185 306
146 479
334 341
401 286
495 469
386 134
282 349
257 33
373 411
402 483
136 307
472 361
138 28
269 344
496 234
104 172
12 443
35 380
94 13
162 31
259 235
407 427
444 192
228 189
485 220
94 225
225 436
83 95
128 368
147 6
90 187
238 41
260 351
457 79
404 178
301 43
226 312
96 144
116 17
7 305
142 369
199 336
314 326
313 24
458 119
340 397
95 87
44 347
412 23
456 281
348 359
491 371
328 374
455 414
473 397
242 451
147 142
214 26
430 325
404 196
494 95
188 68
80 141
126 42
361 35
408 1
193 122
118 294
404 218
394 444
12 140
29 426
249 479
393 351
155 445
354 124
48 37
327 347
405 62
72 239
406 387
57 300
268 229
20 252
167 492
347 218
188 94
413 422
300 368
398 445
329 202
105 443
269 269
297 142
221 263
419 245
220 126
175 85
460 485
15 150
4 196
352 33
315 38
152 364
291 220
184 418
85 419
87 253
249 270
398 138
169 425
149 28
383 494
170 272
378 394
105 15
444 485
312 496
393 294
491 299
391 300
75 494
275 50
174 315
219 70
334 366
412 239
464 253
150 9
246 89
421 232
272 107
422 369
158 259
483 148
123 239
407 224
190 207
346 157
424 352
51 119
337 98
407 92
314 11
381 152
244 345
246 242
450 79
15 206
228 286
205 125
418 357
56 228
287 103
199 469
412 480
259 490
276 491
133 411
297 90
113 451
30 123
337 173
54 278
171 477
153 86
398 252
2 252
194 436
417 73
329 217
126 12
297 339
45 440
327 57
259 403
22 89
109 87
129 278
448 480
281 50
129 246
427 63
178 220
48 92
232 286
185 407
270 455
457 210
446 422
17 466
498 361
191 336
50 178
387 6
176 389
378 144
488 131
483 56
1 254
290 255
216 489
311 9
300 441
208 498
305 455
486 238
293 500
113 114
484 183
130 352
34 138
365 101
358 184
211 469
209 469
233 142
185 438
202 500
84 370
193 257
88 141
311 13
336 321
116 164
178 398
135 275
34 54
287 379
235 125
350 76
485 213
293 125
323 5
414 56
474 463
161 85
54 123
323 398
338 251
7 418
198 432
237 6
100 358
399 291
448 486
93 85
497 226
329 356
343 339
296 429
38 243
268 7
294 54
147 6
425 110
466 355
207 240
493 210
176 500
62 37
119 148
228 14
397 213
342 410
91 131
416 35
24 287
345 167
38 237
394 417
472 450
278 345
201 286
286 91
119 326
7 169
9 230
226 42
481 37
471 217
248 385
437 329
201 205
365 24
41 412
5 251
267 484
171 142
7 346
257 89
267 108
179 358
175 200
192 156
333 491
497 359
291 418
208 468
247 235
403 463
427 240
407 96
351 315
280 87
323 277
302 380
177 313
358 165
39 71
145 313
181 62
144 201
62 357
440 148
291 309
480 453
420 119
285 8
478 48
114 176
372 210
340 143
122 337
35 2
359 130
470 437
5 398
203 299
239 106
66 33
482 17
24 80
272 228
383 314
317 141
320 489
14 90
352 260
284 272
39 365
185 13
2 260
234 75
215 60
96 150
42 23
378 417
66 53
139 392
468 311
288 56
223 225
442 440
305 149
369 335
373 442
475 169
138 177
242 134
19 246
475 16
347 253
25 457
82 467
241 145
297 335
28 377
19 206
142 292
192 466
260 472
218 201
444 17
65 125
158 6
167 3
47 276
290 133
146 47
153 4
327 402
185 154
351 150
347 406
471 26
296 337
324 294
357 33
211 397
193 277
291 51
353 296
316 351
362 37
485 261
35 230
83 51
437 307
291 85
183 118
117 67
426 389
111 102
483 451
194 122
255 39
396 94
139 281
421 168
384 346
197 366
391 334
190 133
184 340
130 318
180 254
101 114
146 253
152 362
464 319
408 314
477 55
212 118
265 430
32 467
199 443
156 23
258 88
465 159
11 263
66 447
166 381
41 447
43 298
195 465
271 85
201 216
107 207
197 303
112 334
416 68
176 146
449 355
80 420
322 489
98 93
10 198
72 153
123 159
498 360
400 500
321 121
485 37
416 413
486 454
200 242
209 68
170 345
380 182
208 109
207 260
76 350
125 27
275 108
129 385
146 47
215 482
169 150
308 339
5 294
198 106
456 218
344 142
98 134
237 180
134 56
431 455
405 253
489 280
255 371
177 73
416 202
232 87
476 481
15 261
158 439
439 491
448 482
119 243
132 71
220 62
491 282
173 334
303 64
429 3
399 222
446 448
223 407
295 187
345 78
48 184
486 241
224 465
154 338
131 169
467 256
13 359
319 157
143 202
7 277
185 203
271 24
251 313
312 476
196 351
21 489
184 102
393 299
285 349
188 246
344 463
360 259
17 372
333 173
184 442
16 89
17 477
40 299
206 284
147 498
176 270
388 418
31 21
236 443
374 390
74 481
287 278
286 382
346 23
86 480
436 214
384 236
97 187
86 149
22 253
483 261
189 137
237 420
66 293
199 279
387 497
477 12
122 48
246 203
65 203
73 40
371 258
155 421
81 360
392 299
11 461
368 92
176 34
500 137
291 276
257 377
204 273
468 87
43 16
67 496
187 457
199 438
365 127
166 86
341 409
315 361
13 155
339 253
26 207
250 131
80 180
339 314
422 18
492 146
340 470
66 309
474 263
471 182
54 148
9 209
430 216
190 67
272 164
260 42
73 132
467 15
171 489
200 169
351 156
437 445
407 279
314 428
372 24
74 328
174 462
103 435
418 88
154 464
96 127
214 496
371 407
306 360
334 497
353 224
20 380
294 127
466 86
445 372
272 108
100 88
97 20
53 216
254 493
91 258
358 460
310 387
187 366
260 20
436 314
102 29
370 469
232 457
75 79
344 396
317 275
12 25
223 86
58 472
175 96
184 39
296 159
484 223
4 232
301 233
481 91
6 409
359 203
58 319
121 62
157 29
333 214
183 93
321 468
75 359
95 488
365 484
215 265
391 247
256 426
468 164
232 293
381 120
129 219
221 449
92 80
88 267
127 309
160 326
221 19
315 36
148 457
135 157
252 361
479 209
90 295
477 25
91 195
373 190
302 420
345 203
40 24
328 110
187 138
328 417
124 170
15 400
145 416
170 437
177 379
453 359
138 347
489 416
289 117
75 383
416 334
157 57
117 63
130 25
485 443
50 373
27 397
203 83
417 276
53 166
256 260
345 418
444 55
500 325
122 423
414 234
294 418
61 374
75 176
2 486
209 123
27 396
292 221
430 489
478 73
9 194
423 255
138 377
304 317
413 91
254 290
300 480
403 323
370 103
230 155
439 235
227 275
135 464
349 473
4 454
19 308
438 334
180 196
145 162
462 160
77 408
146 473
473 93
197 129
36 312
230 336
33 217
159 457
121 250
225 297
27 121
484 407
75 446
89 192
165 39
378 105
443 354
124 5
126 353
343 112
150 225
91 136
329 147
305 356
410 242
280 382
84 103
33 193
100 313
48 162
291 406
460 70
140 129
81 229
279 472
457 441
445 149
126 246
199 211
181 117
65 316
473 227
94 480
6 483
334 37
88 106
139 233
65 166
400 19
9 33
439 397
139 479
60 246
245 170
270 363
19 50
59 468
62 144
191 104
227 187
5 104
269 301
348 424
67 397
166 231
1 153
174 118
169 287
80 98
229 225
159 261
268 426
235 313
170 453
71 63
236 212
212 391
251 65
46 461
255 268
218 288
443 66
274 89
80 316
389 338
387 270
310 331
322 141
382 320
21 127
455 412
485 394
500 358
330 337
458 451
366 406
50 335
93 95
120 271
314 18
118 254
161 478
154 6
63 92
355 77
135 73
51 17
446 194
248 353
62 22
260 345
386 367
219 440
269 108
51 55
300 433
236 21
293 99
183 417
317 30
259 60
400 84
358 136
272 71
281 343
407 378
187 296
253 404
36 219
429 286
461 179
450 102
386 365
158 127
342 238
94 439
34 97
269 494
436 374
97 110
62 382
85 240
500 424
350 232
107 443
288 351
270 41
89 224
84 468
159 401
439 107
421 464
259 367
24 186
299 230
471 357
197 176
489 184
447 120
276 191
20 470
198 342
155 46
59 159
292 295
338 342
233 401
237 176
459 439
86 81
285 14
228 254
427 286
37 171
371 282
349 50
200 78
74 336
352 138
118 232
72 234
30 377
45 232
468 343
29 1
135 417
258 500
82 241
442 124
250 132
300 40
100 76
246 364
202 227
84 425
236 390
396 25
171 246
218 484
253 393
274 325
256 241
71 469
31 344
266 257
481 115
359 459
9 125
168 312
429 218
100 91
371 81
413 491
65 1
85 276
412 183
369 107
327 145
367 437
489 93
366 339
448 213
160 447
272 53
111 257
167 58
171 251
426 146
375 149
44 275
37 430
17 264
435 359
62 302
316 156
83 175
83 140
401 25
338 76
301 377
365 425
196 38
130 26
289 352
245 295
76 207
491 72
320 385
196 480
308 159
375 346
157 439
433 321
223 267
54 458
456 272
126 390
129 30
28 40
491 395
55 149
193 18
119 31
57 149
283 491
440 244
494 302
270 428
34 394
93 432
27 136
81 343
462 117
408 218
246 421
122 167
283 283
492 7
116 371
144 196
272 264
436 93
413 218
468 382
453 222
329 323
430 231
200 425
152 154
42 295
384 265
145 221
78 389
203 214
203 159
250 254
76 59
139 91
396 324
206 202
124 59
42 288
31 27
321 210
44 436
175 32
101 403
276 72
431 10
123 295
391 237
453 16
283 255
189 434
461 356
424 446
160 43
444 488
85 348
169 390
199 289
480 281
314 208
448 361
272 347
345 183
449 143
354 137
389 50
326 324
191 252
47 140
276 363
79 125
104 486
378 282
49 351
495 171
230 217
39 227
173 416
363 353
168 422
466 129
260 330
390 83
420 487
141 236
133 167
323 486
162 4
142 397
433 151
362 373
314 271
146 166
311 121
471 129
97 122
15 5
211 300
53 270
472 236
331 345
262 383
152 396
84 167
259 211
296 373
15 407
285 453
313 406
342 22
291 76
112 26
483 168
388 284
51 294
269 180
385 275
336 130
106 461
493 12
51 325
61 17
260 302
424 310
301 68
257 226
49 141
308 156
492 450
383 261
220 337
180 271
20 226
202 310
325 132
226 308
284 302
489 470
464 165
35 125
352 271
225 498
68 12
341 266
456 380
162 29
228 433
140 161
238 167
349 49
49 405
222 66
176 134
15 242
363 148
177 455
159 455
285 222
467 189
357 117
430 181
130 38
344 390
102 5
421 385
137 488
83 53
367 29
194 473
180 459
488 484
398 324
95 97
154 402
4 21
21 473
454 433
34 325
166 58
281 233
467 168
369 191
329 427
145 480
450 204
4 334
241 411
111 28
283 28
188 394
462 364
100 66
319 252
59 82
359 104
179 239
458 465
222 73
257 423
261 368
344 299
342 235
353 20
412 63
294 312
382 406
261 152
272 399
195 343
36 85
456 1
324 156
189 151
11 440
433 18
211 449
420 496
190 149
352 172
224 196
150 138
408 301
385 135
313 178
305 142
163 497
52 38
233 352
439 66
229 446
27 195
246 179
206 429
258 150
402 313
228 200
354 193
43 296
150 68
256 377
249 243
316 104
74 48
250 466
170 138
471 332
269 54
179 53
482 157
87 196
232 430
360 279
90 253
239 459
473 55
157 209
148 172
12 4
320 175
206 108
289 100
46 262
493 436
77 233
404 168
400 368
168 55
115 213
294 130
355 478
332 13
327 390
300 148
175 490
113 337
458 388
492 4
330 483
362 28
497 453
184 147
55 98
103 33
477 446
82 225
124 196
344 133
370 103
490 283
100 438
180 36
153 155
351 400
446 133
372 294
91 150
178 205
320 206
29 251
223 229
286 169
185 275
385 152
416 38
182 190
260 75
47 351
428 261
422 234
319 162
351 47
462 264
459 347
372 95
3 446
421 247
454 255
87 261
236 420
114 117
93 336
266 19
337 371
247 26
13 145
316 483
227 106
274 202
81 307
491 94
215 92
358 224
350 201
286 323
203 263
375 269
349 153
139 236
238 263
293 273
344 201
482 20
492 371
485 146
86 215
400 80
387 283
151 120
186 194
109 17
500 389
397 426
332 270
3 315
38 471
78 99
352 399
464 389
6 54
268 242
156 163
196 82
373 119
171 95
122 39
24 446
366 244
136 219
100 438
193 500
125 55
67 32
223 430
319 57
193 376
362 411
229 133
150 23
327 278
279 349
339 278
445 176
140 126
341 322
467 141
149 82
452 48
52 408
58 111
10 78
77 404
24 41
455 75
407 370
500 486
431 49
159 74
385 317
32 374
284 105
423 292
488 11
69 365
80 495
210 24
142 158
478 286
273 24
436 329
18 50
244 10
266 368
392 91
39 370
277 105
492 213
410 194
198 121
129 163
260 101
441 343
495 90
121 143
147 487
487 465
444 272
475 467
289 446
328 350
5 455
247 282
286 258
351 115
174 333
313 444
384 233
269 240
184 90
488 210
246 296
140 413
249 436
208 480
455 231
441 102
219 44
378 413
473 124
386 484
221 187
203 258
107 440
425 277
38 153
200 36
391 317
107 368
476 222
293 21
48 66
185 259
330 32
206 283
190 163
371 424
283 343
181 197
73 470
52 216
256 237
478 175
230 155
352 383
238 270
177 302
74 105
198 162
126 96
63 486
61 230
74 219
210 80
225 163
183 75
316 476
447 344
69 33
362 185
287 473
90 267
105 152
95 234
99 77
34 105
185 469
465 418
15 117
497 67
149 374
397 11
292 442
90 367
356 21
252 449
272 82
229 326
455 174
431 310
492 239
354 240
68 449
378 55
198 491
274 57
363 90
430 37
40 389
342 86
21 168
48 61
383 82
490 107
404 285
463 461
393 233
64 344
112 424
193 241
271 444
350 420
77 113
487 346
104 57
499 365
379 9
224 339
412 6
118 194
228 444
291 15
302 417
45 340
13 237
434 275
402 241
136 184
134 329
135 438
172 78
264 223
41 160
283 369
367 349
228 291
72 459
306 107
435 2
56 271
300 8
76 231
440 304
489 195
174 165
359 49
488 281
214 265
453 14
479 171
205 267
150 417
338 378
460 38
456 433
27 106
367 438
156 415
447 291
136 183
437 94
239 347
404 457
100 215
426 42
325 75
364 345
277 250
335 98
427 148
245 44
262 93
176 270
197 140
472 482
214 269
31 167
110 307
60 291
47 185
104 260
392 107
197 94
451 84
436 58
168 13
166 370
474 404
17 292
16 150
244 119
498 389
92 212
64 375
8 126
122 371
159 228
276 337
77 222
420 300
112 242
210 213
264 136
15 331
284 337
489 33
206 340
441 171
392 369
486 229
321 38
498 125
204 355
63 495
55 366
303 201
130 215
27 295
29 464
180 249
200 352
443 4
17 281
99 291
231 359
52 54
445 263
486 150
73 56
359 390
130 53
361 141
128 47
423 45
474 437
334 155
52 257
35 392
323 432
203 80
81 177
389 270
386 430
111 3
275 328
100 261
56 43
66 394
73 429
227 285
24 299
88 202
498 89
176 153
179 251
394 456
407 131
490 32
22 166
465 128
114 441
211 390
264 489
189 321
265 322
255 4
317 223
87 355
25 426
303 319
160 121
183 489
75 342
67 1
255 223
351 53
227 17
103 487
402 238
250 402
103 468
382 266
211 344
490 9
185 359
107 122
488 87
491 372
19 473
354 74
163 282
214 497
116 452
286 305
65 334
338 5
285 454
473 334
45 422
258 371
130 89
341 298
402 424
377 344
1 232
114 149
312 254
333 194
315 452
217 100
335 213
253 350
142 413
451 210
70 181
63 36
112 366
12 318
322 264
346 107
351 444
165 94
445 443
237 334
26 3
454 60
7 8
130 44
71 252
229 396
60 42
216 221
179 445
385 159
384 239
238 139
31 136
316 283
22 81
253 426
447 205
5 413
326 46
50 245
30 495
10 133
430 317
134 262
247 431
284 33
440 374
336 381
71 488
130 90
22 61
190 98
445 164
206 122
214 316
500 335
116 138
59 165
384 12
444 347
332 238
252 156
291 352
296 53
62 421
268 361
35 274
192 134
379 302
380 388
116 1
73 210
453 62
324 471
38 65
111 51
479 292
162 444
219 322
184 299
196 434
73 210
204 469
346 365
51 350
143 147
156 445
269 460
302 386
348 269
188 107
310 36
134 365
141 352
225 126
201 347
32 339
218 222
85 125
345 316
20 353
368 71
175 420
31 488
217 346
200 45
186 163
322 116
42 3
74 305
453 234
230 312
160 225
166 484
451 346
92 327
214 398
487 372
191 163
407 85
123 419
167 220
492 219
67 460
280 104
368 499
104 346
21 431
35 26
334 322
288 236
328 394
125 349
419 193
245 301
87 432
9 196
98 254
122 193
408 320
23 72
492 62
252 53
466 24
481 457
466 62
301 24
236 329
113 454
377 183
290 158
200 293
462 277
132 343
201 161
81 139
46 121
169 430
263 142
134 335
83 271
61 1
142 365
337 100
334 166
328 30
29 255
485 320
169 111
398 418
407 126
464 411
191 49
345 470
144 100
465 156
59 38
412 207
448 415
130 294
81 88
265 86
77 235
119 16
348 385
48 149
333 56
338 282
397 428
325 360
154 300
342 202
230 405
66 216
33 151
220 84
440 297
239 279
304 242
121 7
350 171
25 206
288 79
130 485
399 140
139 474
3 316
486 42
212 64
328 67
431 84
83 66
332 483
291 236
257 313
449 303
127 14
65 498
294 216
438 408
339 419
71 425
346 184
60 329
222 484
61 38
424 350
406 384
314 348
485 287
235 410
471 1
158 340
357 169
93 486
234 23
384 236
500 328
91 62
101 136
74 480
386 407
210 246
482 337
200 440
408 102
220 196
428 85
61 356
453 134
104 301
399 189
70 376
491 305
58 344
320 358
150 376
447 191
468 299
10 347
480 81
208 482
139 220
200 426
15 271
356 11
266 233
221 119
265 238
204 210
51 45
302 42
428 345
411 142
325 197
99 184
132 141
255 71
404 36
110 446
33 415
131 418
433 319
91 414
133 462
18 136
322 146
306 319
222 334
471 247
395 289
228 9
78 336
206 176
143 51
319 255
225 391
366 480
172 255
345 23
10 268
373 411
375 53
198 478
442 371
342 268
469 118
322 66
228 156
284 415
433 138
163 50
36 383
136 93
35 431
229 21
225 189
234 135
126 104
283 123
66 261
265 431
323 424
409 487
132 139
427 66
64 363
420 379
242 352
77 316
22 169
88 99
240 32
53 340
475 331
243 282
401 119
235 201
181 107
424 291
169 400
135 486
45 456
209 445
220 301
350 19
81 448
449 300
120 185
341 133
271 389
434 298
123 141
41 46
251 228
248 83
51 100
397 231
332 305
52 306
140 83
371 268
144 177
474 57
458 117
367 287
344 434
315 173
472 299
262 438
421 310
328 87
54 442
29 324
98 492
382 100
311 324
79 172
91 494
235 154
248 267
423 114
475 246
23 489
20 378
467 84
295 306
325 147
90 442
298 99
461 67
74 392
106 466
439 307
19 397
445 263
16 227
324 394
125 70
370 219
171 473
16 162
230 326
38 495
331 196
301 50
295 202
304 62
460 493
207 449
470 114
456 140
152 62
178 411
40 77
3 223
197 225
24 350
224 413
372 215
121 309
157 482
150 299
498 146
444 467
393 449
205 32
295 196
150 451
82 452
346 99
246 176
434 85
400 101
298 68
442 10
100 232
475 399
260 388
146 263
160 230
268 325
469 467
95 428
297 350
424 43
418 397
369 412
282 49
75 334
385 189
469 169
205 426
422 345
412 461
452 423
343 201
426 131
452 431
199 221
481 28
383 406
115 426
205 113
10 193
6 439
167 367
81 172
42 465
387 27
234 436
225 252
293 77
452 160
28 97
288 308
421 28
128 306
211 338
304 84
484 138
136 342
278 122
81 279
212 435
354 230
409 431
449 231
142 133
417 171
319 64
485 316
475 10
386 242
461 409
86 249
102 279
6 172
297 402
110 173
488 232
26 171
303 185
247 228
353 189
490 198
399 396
19 452
258 374
374 220
69 416
111 384
126 360
340 97
19 84
19 160
168 62
167 104
227 439
383 194
261 377
58 239
55 281
62 79
22 369
99 174
259 258
346 420
190 402
457 217
226 240
33 126
422 179
263 217
209 288
31 239
491 106
70 300
254 408
157 414
84 286
94 349
363 300
167 107
220 236
165 172
109 100
15 348
213 415
123 8
493 328
500 321
272 399
193 387
218 53
489 25
90 194
415 189
269 297
359 347
246 238
298 69
148 326
238 222
408 144
50 171
40 47
13 253
432 21
192 477
346 26
417 100
57 275
373 178
9 237
310 397
359 133
245 289
431 5
150 228
369 20
402 175
256 362
428 467
363 314
319 281
290 229
442 214
297 224
341 232
136 232
83 133
251 383
353 145
102 458
34 269
395 274
27 420
34 384
13 283
326 437
313 53
346 25
203 297
259 274
178 306
112 359
151 282
481 71
328 254
217 360
119 298
278 219
66 382
214 153
177 372
375 87
242 243
98 10
249 163
149 243
37 93
118 121
125 230
139 282
62 207
48 351
40 459
482 406
415 469
317 102
468 295
168 46
164 40
275 101
500 445
81 26
325 218
87 450
258 175
216 186
276 59
83 231
38 212
463 271
29 92
113 162
377 197
459 101
192 172
123 249
51 199
229 259
243 146
361 439
478 474
196 494
214 405
26 33
296 405
349 222
85 169
92 121
233 339
338 120
433 67
35 263
138 332
103 195
15 12
270 143
48 335
4 231
107 42
298 412
103 238
64 16
318 118
152 500
39 144
455 283
13 388
423 413
175 338
309 92
352 219
124 278
212 353
90 231
16 2
229 488
422 30
364 488
489 328
215 478
476 347
332 83
120 340
148 170
407 363
253 61
62 406
381 221
51 442
239 340
452 125
441 6
126 490
105 483
381 154
112 431
59 107
52 288
431 328
248 123
297 408
206 215
407 450
16 311
89 436
335 286
24 414
464 477
227 178
208 423
267 30
426 128
249 401
31 476
414 258
17 97
406 93
308 252
204 231
453 48
185 256
95 36
291 147
48 37
108 6
459 279
247 282
423 300
414 93
53 309
292 42
425 77
209 158
459 447
264 133
332 128
180 442
101 138
410 138
155 251
98 41
480 328
140 47
82 339
293 399
198 222
314 294
430 207
352 194
195 317
489 239
472 176
481 422
467 184
257 100
467 110
360 169
185 396
95 429
367 333
267 459
414 464
287 432
167 361
123 450
384 261
467 174
447 207
209 475
171 347
267 321
379 70
39 428
360 385
479 268
422 31
391 192
445 94
8 310
24 41
148 223
226 151
383 263
241 470
356 2
27 306
364 288
467 480
346 479
387 210
221 407
107 144
362 443
439 484
296 318
300 210
296 498
253 243
141 368
356 104
53 256
446 357
498 263
290 151
206 66
448 128
4 428
266 277
247 176
304 282
264 316
317 261
278 82
329 34
204 285
477 445
109 375
403 36
442 436
394 287
415 321
358 445
305 413
192 497
327 207
84 217
12 134
306 477
207 166
419 99
292 120
468 25
435 351
476 496
195 76
466 288
140 263
461 9
87 183
123 496
449 436
120 60
467 139
251 374
342 61
49 94
419 407
213 269
120 66
72 128
43 115
250 251
262 229
237 478
107 26
284 466
406 454
154 127
46 166
281 128
381 432
348 184
82 224
45 64
427 250
163 441
30 292
99 199
228 479
461 326
181 270
348 224
166 403
424 83
188 56
310 308
92 331
45 112
76 345
206 190
225 257
357 218
261 49
151 281
467 89
279 68
344 174
433 49
264 77
336 99
358 117
167 481
492 162
430 434
251 86
194 392
289 289
58 287
328 60
227 411
242 291
167 265
193 75
413 149
217 393
328 159
43 160
164 340
397 449
397 251
179 197
487 109
304 438
2 324
346 42
95 131
494 401
395 55
43 205
70 125
144 82
202 328
24 3
62 39
102 335
401 206
457 233
211 137
94 418
293 478
491 411
276 409
70 390
140 392
307 336
174 40
74 70
328 445
337 196
103 396
8 317
265 23
9 449
9 273
158 291
332 48
197 87
468 407
191 315
106 468
384 12
440 154
443 327
441 430
41 28
444 387
154 48
111 471
210 106
472 472
333 243
421 343
382 226
89 219
253 352
366 358
431 476
103 352
289 251
73 248
220 291
494 218
257 261
194 93
33 200
374 350
434 344
357 445
26 487
1 365
23 333
54 146
396 210
9 248
135 320
124 137
483 245
376 491
440 47
66 49
169 463
470 220
114 483
341 288
134 267
322 291
178 137
407 496
250 464
57 121
67 134
58 456
462 422
161 2
164 417
379 239
335 398
500 89
200 471
367 116
233 466
79 375
301 338
494 349
258 459
59 172
118 183
207 66
313 321
103 205
137 198
117 144
307 479
116 125
161 474
337 179
109 220
283 189
117 322
213 224
171 187
43 267
459 269
163 377
482 447
205 254
98 339
96 323
116 412
222 388
105 238
141 79
67 365
432 195
257 366
66 185
266 107
485 1
403 390
458 412
408 308
187 228
36 444
232 113
50 178
402 207
47 436
77 460
209 312
165 91
226 98
384 108
378 416
381 95
169 356
384 435
317 112
449 404
42 201
274 161
190 224
224 33
179 288
4 240
391 138
178 464
204 302
331 414
100 315
104 499
118 99
369 291
193 375
107 449
349 185
68 427
408 236
472 478
31 206
346 421
260 459
43 99
278 309
134 67
279 6
312 291
18 441
370 403
349 44
261 227
364 58
491 147
27 169
111 387
340 150
163 314
221 359
316 438
373 376
391 377
56 430
78 11
276 285
477 436
49 341
191 30
368 134
324 138
4 446
87 495
453 235
42 276
202 426
305 356
392 379
261 434
327 226
191 126
208 190
348 436
384 220
429 115
49 314
141 27
210 228
66 467
388 466
477 474
154 251
230 454
344 10
272 101
279 112
189 264
3 69
469 461
167 374
419 361
2 386
120 486
114 447
390 197
305 395
220 120
89 128
296 462
144 153
248 91
125 466
26 285
293 454
198 111
306 498
357 113
231 257
35 232
172 2
157 439
237 266
425 470
473 387
153 303
81 472
381 426
100 209
368 138
313 229
185 332
159 294
388 141
78 189
460 60
131 31
141 177
392 139
277 361
95 61
438 329
386 54
428 140
197 229
369 305
476 397
184 314
149 392
334 147
128 60
102 274
496 208
336 53
153 461
96 172
274 221
468 89
164 376
475 113
431 150
396 129
334 84
46 128
486 1
273 491
272 139
197 294
62 374
217 409
240 301
498 328
79 373
273 290
159 194
479 500
111 367
496 143
78 68
455 355
103 493
495 227
375 46
384 49
382 445
171 476
319 348
468 99
73 95
139 68
290 492
461 269
301 13
435 313
76 178
391 118
491 48
206 341
144 485
65 315
299 1
376 183
424 371
52 499
178 365
261 24
118 265
271 468
356 420
228 298
301 166
470 389
399 314
360 245
457 351
311 106
414 429
383 421
267 33
132 388
2 465
86 381
74 203
95 154
389 228
303 455
169 367
372 148
134 138
363 313
102 321
186 56
118 87
264 242
433 149
454 168
214 147
208 95
267 76
483 230
303 9
72 495
199 7
145 456
225 445
102 279
241 32
426 304
60 29
271 90
413 350
64 289
42 401
6 15
212 45
285 376
259 107
395 398
124 160
97 416
259 323
377 374
207 397
296 106
144 388
140 142
340 389
373 278
397 253
272 183
30 86
448 85
440 369
116 500
243 23
208 213
349 132
472 455
210 491
426 459
369 228
56 465
290 406
356 208
324 397
50 342
285 135
287 427
323 112
259 370
301 412
486 305
363 4
423 109
402 41
13 438
420 348
149 92
406 161
91 426
282 331
296 389
412 139
148 485
372 156
101 3
218 262
40 466
424 2
410 316
3 54
86 432
308 90
36 445
313 265
485 128
96 256
450 386
256 239
242 416
110 57
328 20
249 363
344 280
252 232
97 252
480 499
307 139
302 492
282 414
470 452
278 287
42 143
436 356
300 159
381 462
85 375
114 39
94 157
172 374
253 32
400 254
101 124
101 37
193 367
165 47
282 304
310 453
223 434
90 483
205 243
441 370
66 137
113 306
327 173
126 456
157 211
147 389
115 369
297 414
66 227
182 86
257 330
217 189
499 339
500 416
234 223
130 469
417 144
162 29
425 291
448 242
220 348
383 82
106 490
250 404
492 391
46 169
346 318
271 168
487 39
203 426
96 183
256 129
221 397
314 342
279 47
404 28
187 225
366 487
369 398
219 117
105 345
380 164
373 16
308 344
327 218
181 18
370 58
459 37
123 201
336 275
415 329
400 459
93 428
341 422
37 90
494 44
22 147
95 329
303 219
497 444
218 28
404 86
277 173
212 186
255 67
443 355
1 144
367 151
35 210
1 399
417 183
194 186
425 254
249 122
276 112
104 44
117 124
286 224
213 204
85 118
308 470
105 467
382 85
373 66
61 131
216 88
494 446
343 122
250 466
149 159
71 267
194 497
468 204
461 184
445 215
215 416
462 425
201 226
273 168
318 250
314 219
380 359
87 470
225 476
188 247
283 18
341 72
236 2
274 126
7 448
418 389
339 244
458 185
95 140
32 261
166 254
391 238
28 472
461 498
492 185
492 100
391 441
414 107
224 499
63 291
222 126
447 496
255 79
24 202
99 414
188 47
213 479
483 419
215 185
20 357
128 459
402 231
393 327
25 267
256 45
120 103
385 289
257 422
169 136
411 200
9 214
416 136
355 63
235 303
411 116
75 264
485 93
449 382
425 41
282 302
294 203
21 397
456 402
479 480
8 15
200 174
69 67
25 486
88 265
119 130
103 112
43 323
443 188
189 498
339 373
434 114
332 349
97 51
110 160
118 30
407 325
190 322
239 226
470 410
240 382
130 108
155 414
51 186
250 394
203 295
435 9
173 228
497 208
473 443
9 151
122 320
228 484
206 74
159 145
145 376
435 492
484 253
487 225
332 464
254 402
327 456
229 97
62 252
481 11
28 154
492 392
310 253
270 227
364 135
222 131
50 168
166 18
226 12
163 409
25 51
100 216
456 171
222 212
38 181
308 70
167 36
383 93
107 50
325 95
71 445
34 260
94 457
23 392
388 106
499 258
447 29
298 421
475 130
360 90
480 365
370 473
318 409
223 164
184 319
321 178
455 179
348 465
325 304
164 127
293 492
455 493
250 31
426 376
292 494
272 163
141 38
355 389
468 364
462 137
14 20
286 107
205 251
473 141
466 354
307 46
58 127
47 297
297 381
194 485
106 195
339 60
180 57
283 297
57 230
341 43
280 37
44 95
33 307
91 380
382 136
78 17
18 174
204 479
324 182
76 233
141 133
387 32
398 362
310 454
122 36
244 38
307 34
287 397
174 36
408 435
308 305
127 453
70 332
32 309
208 232
179 147
146 443
462 331
271 48
388 427
187 115
40 206
22 366
3 45
121 58
39 217
389 132
440 345
402 36
392 489
233 141
442 335
357 266
287 334
110 29
301 364
31 6
311 132
298 206
317 419
390 497
119 334
212 204
136 461
421 191
361 147
91 446
371 146
337 14
69 111
208 407
202 457
495 480
127 255
147 114
415 444
288 16
198 91
434 70
131 149
363 205
461 337
112 231
69 310
139 31
2 433
192 103
305 407
174 80
466 211
220 38
50 319
147 213
39 219
191 290
173 34
454 490
166 45
271 4
240 70
338 469
457 225
367 389
159 297
421 87
26 333
310 277
343 92
288 222
390 110
222 384
378 88
439 425
163 415
178 356
420 207
303 144
22 113
408 193
145 219
416 249
22 380
152 449
476 88
359 380
447 84
408 188
426 289
361 396
391 321
157 268
173 355
157 447
1 380
204 294
9 310
290 86
81 272
51 128
3 442
495 294
122 158
304 157
329 467
13 289
436 265
334 73
3 421
49 203
414 7
211 362
65 285
272 86
13 393
290 439
270 102
89 310
275 275
339 368
199 457
254 229
365 210
310 221
406 126
419 8
229 401
328 379
456 404
41 240
181 20
258 394
227 293
360 238
482 40
384 53
480 443
390 308
266 281
295 284
14 464
462 426
362 398
96 486
157 8
106 45
57 125
251 393
421 86
17 432
35 287
148 492
448 118
93 390
335 297
173 224
24 49
167 292
482 262
462 442
246 444
230 197
401 374
204 151
232 329
24 442
211 443
14 389
480 289
221 74
56 238
432 315
498 1
9 412
203 418
246 129
130 140
434 200
385 97
230 77
104 414
404 92
196 465
43 299
246 41
223 465
361 316
271 490
298 250
25 92
322 253
214 241
317 336
297 490
165 49
44 359
81 82
437 408
163 171
167 364
56 464
273 99
362 332
494 301
150 42
238 145
120 83
464 168
111 317
120 43
381 414
307 109
307 348
197 453
1 72
457 378
12 36
103 88
424 85
314 384
80 433
1 83
359 117
308 344
416 410
31 266
318 73
282 59
258 273
241 258
312 108
394 258
88 472
469 244
89 303
83 299
478 253
386 458
217 294
395 129
272 292
413 108
10 333
178 293
206 228
192 92
382 184
133 271
319 105
114 115
350 375
328 153
338 416
256 289
352 178
85 469
247 378
407 21
246 163
342 246
59 433
155 495
14 95
399 39
340 6
74 252
220 348
218 480
447 146
499 101
142 298
341 426
10 200
444 157
191 493
459 475
289 80
301 474
155 65
431 68
353 327
178 176
121 235
24 394
460 441
29 119
446 377
36 454
327 66
213 171
27 381
461 460
201 478
284 275
7 282
2 488
193 69
242 215
195 206
231 131
99 115
47 140
268 263
449 355
31 329
193 225
388 115
115 461
465 246
320 144
449 327
364 45
456 471
409 361
64 399
426 85
415 59
480 131
400 304
1 286
55 152
389 481
353 409
330 161
283 244
382 66
381 475
140 71
142 353
276 145
34 73
142 195
96 210
346 327
278 205
251 290
161 279
61 72
217 105
189 98
257 217
430 29
347 431
95 288
279 115
34 69
392 221
247 324
90 279
117 199
358 401
204 33
483 463
260 97
262 42
185 426
253 416
19 25
375 94
400 70
299 398
328 135
373 226
52 189
481 58
362 492
240 489
200 261
412 71
27 234
447 453
181 422
37 137
426 246
477 24
100 343
430 225
129 352
199 168
242 358
453 151
101 150
312 492
254 415
243 211
229 54
216 265
450 214
443 25
218 155
113 441
450 185
464 129
398 464
1 288
444 287
219 439
413 121
106 398
290 447
338 71
491 436
193 298
404 318
366 231
220 453
155 298
275 29
62 184
155 414
199 325
391 51
357 149
402 125
406 319
141 269
156 188
156 229
486 336
130 101
302 255
316 76
32 438
111 462
482 48
175 456
89 339
222 312
316 17
198 313
444 332
475 109
453 70
165 17
187 360
88 52
346 373
377 464
314 402
133 390
13 189
491 40
219 158
218 116
73 360
450 146
169 172
172 82
353 107
445 387
32 241
380 279
160 174
299 293
22 388
121 103
348 117
426 123
121 3
335 400
470 305
69 284
475 39
18 157
80 201
449 433
45 48
47 10
271 57
40 242
197 294
32 14
473 122
329 397
240 289
400 416
185 256
485 159
476 26
372 190
386 295
421 445
162 276
472 325
236 467
41 460
57 444
498 155
210 340
303 58
38 324
417 339
492 198
190 403
498 188
68 121
427 450
92 24
36 349
245 192
13 159
273 99
272 356
254 410
246 449
13 305
356 417
263 199
197 158
165 419
319 205
314 46
155 196
255 434
301 119
62 430
359 433
261 47
224 444
213 318
332 407
110 40
91 231
222 338
275 476
182 117
466 258
460 144
122 451
457 479
275 135
296 248
362 401
256 464
51 315
427 469
286 18
271 433
13 395
485 293
462 37
500 103
110 418
491 253
445 139
271 467
256 104
423 438
478 488
64 210
32 274
87 373
59 92
464 393
184 463
349 416
398 36
208 26
445 185
74 23
374 495
60 405
494 430
362 448
460 429
17 416
467 16
293 163
399 59
180 332
74 189
90 447
482 481
381 1
342 488
242 262
190 299
409 74
451 410
442 309
426 468
205 451
68 237
286 55
422 86
436 129
105 216
51 245
20 156
120 382
157 449
442 132
274 179
498 490
77 339
326 175
330 466
237 151
299 490
250 384
40 422
235 438
216 385
288 23
343 194
317 23
426 123
292 180
372 272
494 405
463 101
391 84
418 290
19 392
304 21
168 376
33 393
142 109
259 499
194 114
188 2
119 17
169 219
248 37
298 24
53 74
257 116
116 429
344 120
211 249
211 45
41 105
13 338
245 35
69 218
105 236
317 33
198 192
354 147
479 224
463 234
429 491
482 125
426 490
287 485
497 36
364 163
168 36
156 438
155 76
164 471
264 461
95 317
19 148
165 10
25 113
307 435
91 382
416 135
81 363
27 420
351 371
19 445
62 217
7 423
204 327
311 40
252 215
486 433
302 185
3 36
65 464
441 13
38 212
282 279
52 335
211 41
8 39
452 350
107 351
172 296
89 122
226 176
129 308
287 266
290 374
482 186
188 156
7 395
92 217
288 152
183 243
53 472
222 96
388 302
326 228
92 141
458 331
305 52
22 173
356 18
252 24
399 79
389 387
12 322
29 101
323 10
460 79
60 454
42 369
461 118
151 254
308 87
250 27
465 274
271 326
423 396
247 447
71 32
269 311
260 309
454 71
257 305
4 455
144 2
235 120
329 345
192 494
458 341
466 18
32 373
89 207
46 456
324 155
188 19
408 97
423 452
191 305
411 382
118 299
13 445
165 415
94 155
158 60
480 387
57 116
283 41
328 340
83 67
91 432
232 214
185 105
5 159
159 249
53 84
8 499
475 154
186 23
42 185
440 256
177 254
304 404
283 435
247 332
256 371
411 65
361 181
228 279
111 383
231 88
204 343
218 454
171 313
172 216
207 230
295 202
416 85
11 168
470 138
283 485
159 327
405 312
453 446
234 182
139 351
338 473
62 360
5 257
71 150
255 234
307 50
430 405
167 496
469 426
305 126
207 145
143 200
252 199
63 235
343 35
90 408
437 98
45 190
265 352
480 474
128 356
41 298
151 226
497 487
262 7
429 340
236 316
464 72
389 455
267 431
66 106
333 404
239 85
283 389
497 35
303 368
471 332
289 321
442 413
38 31
36 403
429 379
493 356
174 298
275 79
320 311
92 87
30 5
249 99
358 138
146 453
274 496
23 376
183 395
161 334
486 251
384 145
412 307
207 8
193 83
395 309
160 382
481 254
214 419
495 272
65 44
295 180
195 299
12 245
35 224
105 440
441 476
233 235
132 313
282 99
469 370
220 383
474 80
199 270
482 468
492 240
183 215
401 334
500 296
228 394
141 441
412 73
263 417
492 443
92 84
29 346
354 487
87 243
434 465
125 153
261 182
352 375
174 348
363 460
155 319
444 53
477 105
162 191
448 294
136 10
476 396
401 353
264 2
248 135
89 366
5 305
78 241
104 52
213 138
186 186
259 209
463 416
3 473
307 375
324 407
391 144
488 62
489 272
411 332
50 471
273 466
300 215
295 331
176 117
460 405
282 28
439 421
411 184
127 228
241 325
16 333
241 360
208 480
26 446
412 168
98 241
271 146
269 27
371 418
144 416
23 201
6 353
229 151
368 61
241 446
467 325
50 263
464 108
236 17
419 305
409 14
19 95
47 248
153 236
62 349
214 69
190 471
282 150
456 212
207 219
418 435
123 82
215 93
125 374
388 498
449 395
415 187
430 495
282 242
63 424
260 445
49 130
269 354
248 259
280 422
128 102
212 128
294 353
436 140
14 79
160 145
303 117
7 314
274 99
406 328
252 325
153 373
367 190
480 419
177 444
461 184
282 353
397 456
435 51
199 423
247 451
496 337
347 27
127 299
252 71
265 364
379 296
29 381
377 308
28 160
220 17
91 207
150 158
155 475
143 242
362 78
196 418
360 186
46 264
17 359
52 313
453 372
245 45
276 189
346 317
63 272
431 446
94 481
431 399
460 170
421 274
76 286
220 179
129 197
278 90
284 57
457 228
480 68
58 399
346 170
66 249
222 68
42 282
494 305
386 233
194 488
182 189
92 2
7 368
393 69
363 151
99 197
435 223
372 130
165 308
291 167
319 140
322 366
390 270
380 59
30 283
191 305
477 109
264 298
2 191
230 430
188 448
4 432
51 407
71 96
323 70
496 140
175 65
161 141
487 166
206 168
440 215
266 389
499 279
7 219
405 289
162 337
122 101
334 225
357 160
500 233
195 106
175 326
498 34
257 493
252 186
225 331
180 355
219 473
348 295
337 424
439 73
163 5
369 82
25 280
428 366
31 238
50 492
377 236
141 57
37 291
478 361
58 328
337 108
262 449
263 409
102 349
389 193
419 114
308 250
113 453
133 376
20 234
99 120
251 267
15 419
216 257
364 345
387 252
23 42
91 403
160 457
482 278
258 495
372 273
495 318
198 305
364 47
271 237
427 37
276 53
289 104
156 350
251 444
498 238
144 33
386 85
329 162
257 236
111 405
105 481
323 155
248 279
500 204
36 228
294 377
263 276
387 135
200 415
422 15
6 466
357 157
239 206
195 101
3 326
35 9
454 434
360 443
27 96
481 209
283 381
331 158
126 499
292 238
444 266
498 338
358 429
117 261
262 370
365 470
468 1
107 435
203 293
117 486
168 251
5 126
196 34
78 21
72 491
477 407
360 106
275 313
104 198
362 162
211 378
81 85
125 451
231 281
120 108
175 14
133 356
57 293
443 415
485 457
176 403
473 107
208 336
456 155
355 353
360 412
362 457
459 382
116 450
298 146
385 362
326 301
183 263
383 244
373 251
369 348
116 163
301 306
160 51
117 5
323 323
332 103
404 32
60 416
382 82
225 133
198 496
232 280
483 173
483 57
48 394
229 156
363 244
5 208
372 275
280 87
320 310
94 491
275 417
48 365
464 9
451 47
439 348
432 235
455 329
185 6
481 160
199 235
257 428
188 288
484 156
66 245
454 101
449 175
364 394
262 219
232 369
209 464
436 449
440 106
429 19
268 408
205 294
55 323
202 314
210 223
280 111
10 443
433 485
458 384
276 403
451 431
124 450
218 464
1 27
73 381
295 344
108 46
127 163
482 476
470 39
189 193
65 411
50 33
101 372
472 190
26 310
466 1
479 278
27 362
395 203
126 203
243 215
302 174
174 403
304 176
130 325
30 150
89 60
266 450
62 177
404 97
417 449
104 48
128 195
135 175
360 292
232 106
364 88
6 314
224 275
252 486
348 399
400 246
286 187
415 251
324 396
117 381
167 312
32 349
309 389
139 460
54 74
198 204
278 499
363 227
368 465
466 89
393 69
252 137
106 419
357 148
156 70
304 17
475 13
327 33
321 54
123 275
151 454
9 1
204 225
78 409
377 128
192 22
366 492
337 250
147 8
127 437
228 50
145 23
221 206
241 310
64 200
426 112
241 299
484 87
500 426
74 128
277 305
116 245
197 295
353 214
255 135
402 33
278 232
147 113
268 130
93 280
234 414
181 5
163 405
156 205
281 36
372 83
271 238
66 265
116 454
96 161
496 211
265 206
372 57
2 312
198 26
452 201
163 61
311 452
436 229
161 182
31 1
211 16
279 362
243 248
21 26
119 263
381 40
173 146
144 312
36 308
38 221
453 143
479 83
497 226
298 190
42 271
102 380
124 401
473 6
290 208
342 74
462 88
370 87
25 94
360 61
486 96
33 347
177 68
178 203
175 300
200 332
252 4
143 277
399 451
169 229
457 50
69 474
224 47
138 279
94 446
86 145
191 338
409 88
343 286
320 218
72 183
78 431
150 373
364 73
151 346
436 447
165 30
100 451
30 485
79 240
24 450
253 19
241 36
39 165
312 266
298 474
208 90
280 192
237 149
150 227
181 73
288 344
212 24
126 236
259 250
336 218
170 9
321 415
252 91
83 153
83 23
370 126
92 3
406 210
116 298
378 244
384 286
494 461
338 260
403 373
316 426
429 426
456 76
154 342
97 211
346 92
101 267
93 106
24 108
4 278
372 98
58 170
413 175
198 301
386 353
323 218
397 369
399 3
288 27
412 155
440 71
418 219
146 288
392 195
59 395
70 151
424 218
35 403
443 169
65 296
377 40
74 440
453 134
500 18
171 90
355 486
200 317
36 125
173 499
253 448
314 57
316 209
102 446
486 115
139 432
241 307
435 141
212 18
460 51
169 465
488 113
75 47
90 399
421 438
315 396
266 233
392 253
207 296
175 421
418 252
493 363
20 353
163 400
89 209
419 414
58 270
97 28
264 95
345 434
239 375
307 399
350 231
458 453
81 185
253 173
170 344
484 136
445 418
233 109
193 80
122 60
304 53
426 422
142 429
226 78
412 383
62 279
256 397
128 55
335 307
120 348
184 266
384 353
275 147
263 251
308 279
348 257
221 324
348 236
369 161
480 223
271 302
364 394
70 303
381 500
10 290
235 411
463 367
223 159
452 379
238 360
319 462
438 44
111 61
107 298
330 448
184 264
400 205
440 486
207 493
417 428
128 459
395 18
379 110
50 202
167 346
56 122
440 402
488 466
220 400
122 20
79 25
134 30
294 55
122 188
219 396
230 483
431 29
340 141
368 235
480 330
24 476
289 78
489 378
117 36
282 439
186 201
201 173
185 426
471 476
151 216
418 179
297 81
374 412
217 371
198 63
343 394
379 162
113 155
76 250
469 36
440 404
498 495
149 482
218 53
358 324
175 173
484 359
161 105
324 217
278 189
237 188
31 288
36 455
379 135
219 387
213 182
357 251
167 440
206 54
368 486
99 116
17 285
465 227
152 408
439 211
452 196
185 21
193 66
247 300
79 148
460 40
41 268
379 326
208 429
255 104
296 68
358 259
70 358
205 423
322 382
18 90
75 74
306 47
269 325
248 104
114 215
445 201
400 248
297 443
242 474
210 357
453 414
176 394
473 357
148 327
284 387
113 478
354 395
500 32
454 397
223 471
256 476
417 443
67 120
155 37
65 475
386 152
48 305
111 320
435 330
71 436
406 287
224 232
174 121
195 283
200 349
304 165
220 191
452 380
269 114
409 313
148 147
395 301
44 97
136 265
340 248
312 21
347 145
299 295
290 26
456 456
289 487
375 111
59 203
189 443
295 199
499 61
299 363
448 233
234 78
11 153
247 133
116 398
255 335
38 112
135 79
141 216
218 153
233 196
268 14
138 369
224 78
349 308
272 115
91 419
130 308
373 33
88 159
488 196
108 159
285 286
245 28
480 342
318 356
156 468
252 474
370 444
126 461
295 235
224 247
199 107
303 314
376 452
168 355
66 390
99 462
405 349
367 45
263 86
99 144
142 404
287 288
289 495
90 22
194 492
190 491
16 393
82 166
90 82
3 137
288 428
219 287
208 493
86 154
116 85
205 300
133 175
20 48
400 431
38 210
44 350
72 163
315 150
50 362
101 96
213 5
225 143
14 220
455 143
197 266
30 214
233 114
291 113
79 198
305 202
74 209
366 45
254 466
234 293
352 175
411 253
56 115
476 106
484 275
355 78
65 111
60 197
303 72
259 15
161 337
173 307
397 439
361 242
421 225
282 87
387 112
235 313
471 206
279 5
226 45
366 346
33 339
328 303
362 203
92 300
138 114
4 319
464 55
443 300
237 116
227 302
80 455
41 197
300 407
165 37
56 250
130 84
282 418
321 110
311 271
100 120
57 369
131 324
218 219
478 203
469 435
242 24
379 182
208 483
491 198
34 477
81 222
1 159
435 242
127 209
377 240
38 288
71 258
252 21
200 325
81 436
62 133
61 453
487 278
102 218
169 447
118 377
202 457
285 135
489 18
362 69
45 114
110 274
7 57
133 118
134 6
279 338
331 212
486 491
169 499
302 335
134 374
213 137
306 454
305 201
348 341
46 136
323 96
4 249
102 197
368 404
339 398
354 17
1 94
451 196
176 33
336 468
21 50
215 166
74 218
260 44
55 428
459 237
474 199
124 342
196 428
387 210
124 372
265 170
435 56
154 96
321 375
180 212
411 204
352 219
477 25
372 440
63 115
53 173
322 331
286 311
72 152
484 412
88 306
456 223
174 458
462 65
403 455
331 288
23 148
452 329
476 315
308 201
463 90
308 126
180 244
326 107
155 394
21 466
320 310
51 35
130 352
2 61
247 239
159 378
450 82
408 338
323 104
416 460
256 160
305 290
384 353
493 146
472 494
421 105
235 465
426 387
122 301
308 279
236 432
57 60
496 290
210 404
293 107
332 384
349 23
454 401
329 116
285 469
264 447
476 141
470 123
137 457
378 98
439 264
11 438
365 410
32 479
184 459
187 9
300 498
255 225
1 309
168 187
151 79
142 139
310 196
488 104
456 420
500 83
323 371
200 468
140 358
143 443
252 281
60 303
352 21
429 435
56 340
40 31
220 177
359 36
111 404
206 267
371 76
261 216
220 464
258 168
384 70
16 56
136 196
29 178
201 137
200 405
29 202
414 8
138 353
74 227
435 476
404 405
86 422
312 345
222 23
398 184
51 102
15 387
190 36
197 65
41 154
72 78
426 341
246 322
199 129
320 420
402 472
277 351
22 381
243 206
253 269
319 205
343 472
414 283
68 15
193 395
481 345
420 448
357 287
283 108
213 257
341 442
464 425
154 135
277 306
482 82
338 37
50 119
146 94
87 54
288 323
204 335
150 409
29 161
493 416
30 239
406 111
216 243
442 250
314 61
204 243
402 182
295 172
339 282
327 76
354 54
436 31
176 326
354 206
90 450
105 74
14 127
21 265
434 389
182 104
62 171
336 134
15 334
349 96
260 357
165 488
408 28
427 184
270 276
119 329
436 435
299 459
324 116
178 486
426 301
437 257
29 239
420 419
204 450
253 47
112 210
462 260
349 340
277 209
16 61
415 225
271 392
10 346
35 358
52 203
461 19
256 455
68 278
419 124
298 61
125 269
17 439
197 87
184 474
102 274
162 329
432 74
242 376
274 20
248 437
465 39
250 471
17 94
91 340
283 279
496 357
383 120
88 417
66 22
293 34
314 164
479 499
109 217
137 369
191 344
86 476
220 278
146 204
202 308
497 141
103 303
139 108
77 238
192 216
213 80
466 207
193 401
32 156
30 189
349 469
229 494
466 300
337 400
373 316
389 315
479 205
26 81
474 439
93 35
26 215
302 205
164 374
351 359
141 192
30 418
482 129
385 154
60 5
17 314
330 129
456 107
252 255
78 388
158 398
341 37
273 227
105 1
226 427
465 454
417 199
395 64
243 420
57 125
331 423
478 355
57 480
146 22
324 288
34 196
219 81
371 14
374 337
451 37
126 218
77 413
228 309
392 412
249 36
210 482
232 354
353 20
4 396
267 410
425 269
386 174
128 275
330 349
97 327
78 40
16 183
296 8
467 121
469 477
23 19
104 113
274 137
490 267
488 491
494 234
109 163
306 148
193 49
394 203
161 57
443 398
421 341
295 55
318 436
290 436
230 302
368 183
226 81
454 218
8 227
69 431
188 445
219 109
204 431
143 11
150 285
487 464
41 406
416 451
452 362
4 356
442 169
496 435
379 462
291 189
430 494
63 320
231 54
459 274
246 229
185 57
333 342
60 17
179 368
229 367
138 475
205 305
370 292
14 193
318 328
499 386
66 226
148 497
98 201
383 25
158 443
228 169
306 223
304 230
352 144
472 323
59 87
170 475
367 195
80 22
115 195
484 483
65 15
329 66
172 299
491 365
342 389
348 220
152 1
1 5
411 270
415 348
264 478
196 23
460 253
384 101
401 118
212 80
19 75
404 284
362 32
304 66
146 2
185 161
284 412
153 372
153 365
461 317
57 235
489 496
49 232
249 386
296 355
253 435
427 469
346 110
63 88
20 25
291 143
444 185
334 231
11 90
13 438
309 346
461 147
242 406
176 14
63 146
481 396
237 6
125 380
387 121
268 354
57 333
173 220
195 134
457 204
6 80
32 350
261 435
329 470
364 194
323 336
314 192
124 274
167 408
163 381
128 167
420 260
277 10
59 29
343 326
369 345
288 153
462 115
216 93
268 500
442 459
346 321
53 148
184 184
335 490
226 128
231 450
24 432
298 5
394 253
125 157
43 371
220 353
158 297
370 371
178 500
47 229
474 447
434 182
182 400
445 223
341 396
498 178
340 39
415 193
261 430
71 369
475 38
114 153
153 154
323 170
449 472
237 497
379 40
209 311
322 392
417 7
278 387
487 369
187 413
371 146
349 214
387 180
184 302
266 415
118 24
203 165
259 186
479 146
336 85
192 290
403 137
387 475
109 79
432 357
337 229
396 328
57 114
36 190
179 391
420 469
366 101
470 344
312 383
225 256
65 382
300 492
249 311
207 381
387 377
324 285
428 329
433 436
426 26
349 237
63 232
268 303
348 195
221 471
337 307
411 67
160 423
245 27
406 398
445 447
500 37
290 110
45 55
106 58
332 198
224 279
161 62
487 332
193 275
78 427
86 402
384 52
119 479
143 126
475 350
117 53
47 435
256 63
71 292
291 208
130 265
192 279
89 317
431 436
168 392
302 331
334 187
247 74
82 16
407 290
354 86
456 274
197 67
281 188
444 356
44 100
280 216
313 14
218 169
477 119
182 220
218 419
381 79
277 158
330 44
11 337
159 31
408 114
97 280
453 110
56 102
405 373
384 159
15 339
212 294
378 350
283 281
480 168
285 70
7 291
50 268
69 358
334 149
371 237
464 79
496 228
164 88
94 363
215 54
58 386
492 103
440 24
194 24
78 169
391 84
149 121
107 440
255 61
310 300
455 4
494 16
198 22
208 140
48 31
192 249
266 99
38 281
81 233
244 177
366 22
74 85
131 260
237 235
311 395
311 420
490 470
486 335
179 248
455 91
453 68
369 212
99 3
317 481
39 194
472 196
498 408
228 236
330 445
47 147
111 386
318 412
18 315
380 364
391 475
430 205
178 95
210 262
45 397
90 320
164 122
23 280
457 50
5 475
104 375
90 90
61 145
103 150
33 220
293 14
155 118
448 54
40 122
320 340
460 126
105 193
323 357
180 359
130 484
350 204
263 446
289 29
432 285
461 44
242 255
213 391
353 333
314 410
337 127
211 6
33 380
437 263
331 204
404 139
399 291
463 100
97 447
477 120
96 272
177 439
68 423
35 377
166 357
123 316
87 14
34 208
282 361
150 357
454 126
63 253
47 130
335 39
312 361
394 67
221 345
94 218
385 149
332 317
447 237
32 285
485 77
350 209
61 117
333 112
439 283
360 185
190 169
483 436
130 368
419 229
111 57
81 3
48 327
280 334
306 333
148 333
210 114
358 431
320 202
98 132
482 227
480 270
472 192
446 409
189 41
72 356
98 271
29 380
325 204
230 246
225 50
141 480
392 8
399 412
113 290
116 25
227 11
210 234
441 224
253 112
108 414
14 242
382 395
51 174
272 297
406 415
282 335
468 214
142 180
220 45
250 25
48 98
70 42
479 383
441 404
223 134
223 186
81 376
31 417
355 17
89 245
477 130
355 448
347 258
20 369
478 342
485 201
309 237
51 193
390 450
417 381
5 103
318 246
248 61
373 66
136 205
229 384
483 31
455 230
250 377
34 83
469 167
329 320
376 452
498 262
420 251
411 113
431 382
125 416
400 259
141 221
383 74
322 478
103 342
122 28
441 35
408 454
396 307
162 33
481 368
152 247
453 186
264 142
428 305
396 407
256 244
361 466
71 427
217 220
158 443
32 270
474 200
350 79
335 331
196 465
147 273
199 304
48 78
185 52
145 206
259 432
285 217
162 270
469 341
247 229
411 297
424 197
128 76
248 213
40 267
475 87
386 458
348 248
137 336
212 469
21 426
362 57
23 194
5 376
404 325
190 321
231 293
140 91
5 102
474 41
132 423
107 183
272 221
220 359
25 256
219 335
57 273
301 85
449 347
216 304
157 460
275 473
393 135
316 318
465 260
348 210
414 31
104 314
130 92
417 345
228 486
140 134
240 95
388 205
416 468
385 423
336 497
215 88
350 147
222 482
126 192
407 492
324 443
238 118
315 376
225 307
97 294
49 428
47 171
384 343
183 164
271 144
72 222
169 498
158 41
427 302
125 119
401 123
442 326
149 245
432 77
179 75
161 68
313 291
318 55
495 278
150 469
429 423
217 161
244 268
316 148
367 42
165 424
31 268
257 273
77 227
420 203
494 144
124 47
399 178
76 33
183 58
163 497
481 261
221 304
302 49
429 385
310 242
199 301
446 18
397 228
327 335
433 497
372 395
293 128
109 250
173 398
86 320
132 253
414 237
249 148
114 261
276 56
89 23
174 372
313 161
129 451
33 421
419 245
192 214
152 23
74 318
486 178
62 431
449 92
280 475
264 229
204 180
46 353
134 84
92 71
443 110
397 161
200 381
351 393
354 340
290 368
26 166
111 136
182 455
343 492
267 143
248 478
8 83
298 284
211 97
481 260
134 8
287 360
129 156
457 198
134 246
275 347
261 195
471 42
233 349
218 47
323 490
441 404
482 369
1 49
414 387
126 75
165 427
253 470
487 301
24 115
96 331
242 67
443 79
15 130
185 495
385 474
300 307
144 216
262 135
31 127
441 17
371 390
495 99
427 500
5 76
97 142
484 119
272 257
32 308
411 177
25 244
28 109
78 431
413 124
432 172
135 191
319 363
11 79
70 185
82 346
17 393
475 205
222 402
84 461
357 414
154 123
385 333
9 372
174 9
59 76
60 200
238 461
407 382
439 256
13 40
398 256
418 173
483 6
254 329
39 111
76 240
496 483
149 468
57 106
166 1
186 294
430 63
171 117
131 73
34 499
200 181
426 365
239 380
273 247
205 243
137 63
414 442
214 475
417 244
83 241
467 143
424 196
239 374
370 350
50 480
201 429
187 87
394 162
274 56
448 368
145 453
53 452
196 220
340 49
201 490
97 55
322 252
422 476
469 368
217 46
20 459
136 97
15 362
171 255
486 291
172 279
131 157
335 72
344 355
197 430
301 424
91 217
73 223
323 24
249 209
462 403
229 447
22 365
402 110
265 104
99 216
135 426
436 253
209 101
348 366
402 42
161 428
358 283
398 192
93 40
192 26
497 314
1 119
371 23
285 292
360 57
473 312
46 423
10 65
268 72
294 157
290 81
210 114
402 124
71 144
456 158
392 338
391 183
188 268
416 136
120 99
475 314
265 297
108 224
291 75
19 100
104 141
258 246
358 217
366 38
398 374
125 49
127 361
120 141
242 229
449 272
240 151
110 230
265 241
347 450
430 1
103 459
261 309
494 207
430 473
267 135
354 454
140 352
388 276
495 102
484 114
249 235
227 229
102 210
62 256
279 224
26 414
343 39
384 161
405 366
235 242
296 416
443 36
28 176
150 118
41 364
296 115
425 28
383 272
463 350
344 265
213 212
129 387
197 317
391 313
228 132
331 313
54 269
500 49
342 401
71 155
153 152
127 469
37 197
222 452
344 294
132 236
444 240
270 383
229 425
29 390
186 184
424 437
477 166
231 1
425 179
22 352
136 470
294 455
472 288
442 334
73 377
276 449
98 213
197 294
449 79
146 363
27 368
201 26
480 466
171 442
378 325
359 27
165 246
443 469
374 282
222 409
316 217
230 461
284 467
106 209
270 151
190 445
293 370
333 420
83 383
420 470
93 233
118 3
361 27
288 112
412 199
457 133
447 120
276 211
140 110
373 374
482 60
441 231
46 44
210 388
447 15
178 28
449 457
87 489
448 447
407 367
10 26
225 355
446 479
264 75
94 486
162 4
13 419
475 289
338 244
363 394
140 315
210 68
422 362
466 163
325 256
446 494
419 25
353 386
238 306
409 349
62 406
13 200
199 192
273 71
50 367
344 60
405 86
182 355
405 279
207 92
32 363
380 66
112 422
349 430
350 465
490 70
18 455
254 264
51 159
73 38
282 240
189 476
359 290
255 464
422 10
443 308
250 259
17 197
84 450
205 387
220 243
157 318
465 453
358 423
185 256
252 461
461 465
310 85
25 469
226 52
180 126
56 468
335 58
301 318
124 41
93 354
457 209
317 287
389 224
47 333
162 75
19 424
235 376
407 368
32 56
257 281
484 434
75 227
247 490
204 166
312 203
437 86
47 124
318 415
339 292
494 347
378 487
144 288
46 82
92 123
488 335
273 397
357 479
49 134
156 409
298 259
215 339
341 268
382 329
268 485
118 452
88 208
208 57
269 28
391 123
230 420
104 478
335 456
384 309
472 163
305 285
255 192
193 198
358 46
226 291
375 326
54 273
163 392
365 165
328 360
493 79
363 183
464 241
334 56
137 439
290 220
376 210
79 142
363 157
58 195
53 93
447 40
233 255
273 500
236 79
395 81
362 497
252 103
98 267
493 343
247 159
161 172
229 130
106 23
401 201
158 448
178 438
393 350
65 170
453 363
82 222
69 66
34 198
142 192
403 322
102 272
103 223
231 12
330 108
4 101
202 449
127 239
87 383
183 445
182 26
418 205
338 299
85 467
338 203
187 498
458 56
316 380
348 160
287 463
280 363
42 184
491 360
379 123
409 140
354 403
9 103
370 179
81 475
477 481
358 302
65 194
209 170
123 478
187 198
173 141
398 396
282 391
212 57
316 388
179 237
311 307
494 380
188 400
295 460
144 383
201 23
130 111
244 55
75 190
79 337
341 127
65 435
193 154
404 437
481 483
73 90
56 321
108 342
236 144
335 122
50 493
500 132
188 313
96 421
324 185
241 312
66 124
380 220
272 413
291 168
205 50
177 2
391 386
347 209
362 115
233 415
27 443
410 395
294 256
133 362
122 209
448 365
234 336
41 182
113 225
462 350
2 128
445 130
482 21
233 241
326 178
163 445
203 410
344 50
147 93
434 363
17 57
465 434
249 359
424 106
182 420
189 123
63 214
277 482
63 290
39 129
372 428
166 174
38 381
273 371
5 172
183 492
425 294
348 268
461 218
314 361
238 377
339 362
368 470
178 454
196 302
336 339
192 86
233 412
397 389
426 298
231 463
474 205
362 338
176 279
403 364
99 200
372 281
1 144
273 483
59 294
315 243
482 301
230 66
454 92
134 276
55 117
477 172
72 41
372 380
286 454
395 446
110 270
46 402
90 353
154 74
278 137
415 116
57 488
110 19
365 301
278 468
167 7
75 430
84 198
404 192
73 215
133 270
52 298
51 283
11 305
67 150
256 204
324 158
470 304
405 178
375 445
118 129
63 187
73 30
92 490
432 323
422 484
66 342
36 399
243 281
191 356
284 387
399 372
470 495
385 460
169 49
32 314
344 305
334 382
467 422
248 50
338 400
8 190
356 362
315 42
78 295
83 61
293 317
447 366
345 490
453 334
408 491
59 89
446 54
293 284
238 292
417 434
492 95
264 229
117 152
49 315
344 37
163 18
66 205
316 1
309 124
387 376
340 328
53 266
242 208
79 52
312 216
335 281
440 125
414 304
407 2
305 462
161 67
198 21
488 242
60 12
286 384
190 203
403 349
17 265
422 249
321 424
66 196
377 353
21 17
437 17
40 396
23 275
17 418
213 103
193 12
182 218
32 70
87 239
479 197
96 89
469 99
207 30
129 203
96 296
406 111
105 42
239 244
320 201
429 237
255 104
498 296
480 292
404 62
129 108
438 480
109 364
467 329
376 311
271 94
147 379
369 60
215 256
479 84
184 78
279 217
397 27
204 69
3 330
320 17
89 205
327 270
249 332
135 252
332 407
54 427
131 186
281 22
319 271
418 451
10 324
320 324
234 417
326 235
134 244
337 402
299 127
178 32
116 126
187 27
300 230
448 452
251 225
310 44
492 203
195 274
103 480
65 376
387 287
59 91
201 66
272 265
114 243
471 390
449 194
6 322
28 160
143 316
424 87
492 407
103 171
398 408
175 205
428 465
268 151
85 432
138 215
111 163
378 423
170 198
165 407
4 189
287 116
310 356
170 486
427 209
276 33
331 405
308 281
391 493
276 29
299 410
283 232
336 231
265 7
419 206
283 223
193 385
178 183
301 110
380 288
83 125
426 379
246 245
229 374
265 410
372 179
276 142
152 9
366 185
432 341
346 125
500 484
222 281
217 21
183 41
159 178
224 108
225 38
379 69
104 237
425 244
235 56
346 171
402 290
112 250
298 3
259 291
419 119
497 62
51 454
278 6
214 227
214 456
371 110
182 480
206 242
385 297
142 155
284 237
60 243
124 229
337 310
218 273
17 444
295 187
48 114
49 92
162 129
286 247
81 394
252 243
482 149
452 187
88 477
46 472
332 315
281 238
49 350
463 298
445 163
492 196
333 100
480 279
26 194
234 333
369 196
239 13
253 338
302 377
94 454
72 473
59 415
295 169
191 411
219 255
229 63
297 369
358 214
235 475
239 87
152 180
3 358
208 214
282 272
139 304
239 325
287 495
227 268
442 495
275 53
156 262
298 321
212 139
294 330
195 321
105 92
266 498
7 389
404 126
438 304
71 287
360 32
293 223
228 447
366 231
372 71
396 333
494 465
147 445
374 257
454 312
335 149
138 379
232 105
357 458
264 174
2 154
281 249
411 35
94 187
43 206
79 499
41 140
297 143
36 235
318 38
325 409
281 246
390 117
250 22
245 417
409 438
436 45
421 193
409 241
263 71
13 291
211 103
413 85
94 391
417 110
172 259
68 34
473 294
248 430
426 159
226 67
233 308
209 181
153 280
76 309
86 302
416 170
181 192
10 466
146 61
193 140
475 202
392 237
308 59
267 470
416 309
178 436
467 383
489 289
408 162
74 169
281 205
224 339
352 237
50 275
157 196
332 480
17 156
255 262
97 155
102 39
363 464
460 481
216 312
45 445
143 299
357 379
477 188
278 339
185 252
500 162
166 389
97 127
383 181
299 47
286 319
207 451
204 120
76 86
259 167
207 270
69 46
19 227
477 83
176 21
360 251
8 245
425 156
158 55
448 269
379 462
499 174
169 61
398 277
49 25
17 104
176 159
191 68
178 159
421 306
192 13
348 451
402 31
291 61
478 351
345 220
334 35
233 466
140 74
198 171
353 344
317 435
449 357
37 265
361 53
431 124
124 292
145 108
30 225
296 128
353 416
229 33
418 220
392 253
336 201
75 273
407 174
396 56
120 150
390 5
347 481
193 194
374 109
273 410
188 226
343 392
215 389
13 445
366 207
251 20
109 234
98 60
347 380
94 250
155 336
58 427
366 405
107 60
440 296
6 353
84 94
13 350
257 294
168 464
166 271
298 335
340 45
287 476
25 484
426 386
313 94
143 373
325 23
178 82
156 194
180 400
446 85
25 46
305 395
423 334
217 225
91 154
275 247
221 5
242 209
84 220
186 77
266 221
116 154
85 44
185 258
120 216
182 348
472 216
20 37
262 267
137 200
395 284
263 299
273 62
280 432
98 396
1 320
274 320
115 351
418 45
255 452
441 273
416 494
390 108
394 143
460 246
258 364
121 423
448 205
302 105
140 463
473 409
284 99
373 254
146 324
98 342
462 52
284 243
489 63
186 197
252 145
317 225
126 241
11 349
111 50
193 324
467 73
20 109
390 271
491 111
213 180
31 276
233 183
45 302
455 256
140 9
480 56
427 426
6 52
57 499
326 425
121 112
459 426
293 462
275 270
45 214
304 252
457 340
62 440
411 129
320 236
14 454
104 199
100 42
378 212
320 125
3 270
55 133
194 383
416 57
227 43
315 393
124 38
60 349
309 304
95 373
302 327
365 297
442 442
208 500
402 66
36 170
184 302
183 91
34 463
458 138
134 111
264 210
91 461
394 38
128 30
296 186
71 246
236 189
416 430
416 2
223 116
348 360
175 48
252 85
489 418
127 264
449 44
453 198
306 141
158 226
312 150
311 224
277 208
232 172
277 190
107 446
199 296
309 341
451 348
266 24
317 125
270 117
454 257
161 160
122 91
222 354
181 44
119 111
290 321
212 64
377 454
494 273
372 270
306 382
248 87
291 285
228 155
375 31
70 138
229 406
69 18
99 214
192 137
65 242
157 354
330 414
131 339
277 391
300 56
208 335
170 228
108 13
377 276
376 427
478 460
484 442
397 362
172 22
363 396
177 483
410 306
222 318
289 235
179 176
421 140
486 440
188 243
64 59
172 416
39 77
260 234
315 49
337 152
1 42
47 65
78 200
29 69
93 492
234 81
485 312
225 470
21 56
36 452
25 42
433 200
308 445
29 356
98 475
300 415
56 193
429 273
149 498
209 195
127 308
110 390
198 146
82 116
65 397
118 452
115 49
464 411
304 274
34 195
268 8
416 339
174 248
59 387
489 449
96 237
343 453
465 456
383 67
147 348
81 293
96 418
215 441
285 30
250 466
354 198
17 368
64 5
106 367
55 87
295 432
86 370
206 40
144 382
127 199
452 129
370 465
271 71
33 314
96 464
48 307
96 161
295 82
268 491
238 62
96 134
250 29
253 199
284 230
357 352
275 402
317 84
139 484
7 405
264 464
117 281
235 402
274 157
107 76
304 272
402 465
462 331
331 286
122 291
319 372
345 327
195 40
474 32
41 276
268 35
128 227
480 281
493 278
195 265
452 384
396 477
499 59
68 258
1 24
469 106
466 137
252 78
46 444
407 453
63 151
83 78
371 174
302 121
178 281
267 181
116 438
20 436
141 217
92 343
17 335
215 336
247 80
19 190
245 219
12 291
406 43
346 468
258 114
377 420
249 409
498 413
411 212
296 172
311 432
345 291
195 474
334 30
363 376
416 289
231 438
169 383
106 234
251 448
352 323
254 30
111 248
192 210
174 145
328 138
170 277
435 385
302 275
411 467
117 18
85 85
237 406
10 260
142 128
124 306
467 117
394 124
272 268
289 435
497 448
472 444
481 487
106 186
435 268
319 355
257 458
496 294
250 474
43 151
366 19
323 411
175 244
43 409
183 330
257 229
263 34
497 400
453 145
398 333
213 454
377 63
173 196
151 478
283 153
65 406
40 13
70 405
377 259
327 449
436 109
468 43
148 355
385 206
398 454
452 242
245 373
316 154
123 119
221 247
372 298
282 147
329 412
191 247
425 420
389 41
229 439
322 373
282 331
373 60
71 239
6 177
430 33
390 120
43 469
138 484
76 162
388 82
44 62
305 470
498 485
285 372
431 2
88 27
155 349
110 288
332 408
97 143
461 445
30 346
10 140
469 422
247 269
289 417
130 468
168 120
33 451
90 58
360 335
364 394
479 107
459 142
487 25
130 27
18 358
152 214
8 113
116 336
227 183
75 254
214 253
332 88
489 49
294 180
400 398
315 369
491 195
35 104
441 42
339 189
72 488
83 235
392 219
274 10
413 167
85 389
22 127
449 275
83 53
368 476
147 199
206 196
218 50
368 16
281 190
62 374
120 91
173 110
426 216
7 112
196 455
338 8
458 184
3 464
91 397
500 117
300 169
168 128
446 40
5 485
228 162
161 65
413 391
181 241
52 407
479 51
21 49
340 301
336 141
310 143
44 326
58 196
235 57
92 264
480 36
369 208
417 466
174 94
32 80
119 419
79 287
151 314
327 226
274 79
105 102
286 184
230 284
394 239
469 268
44 248
458 148
174 112
350 498
396 338
8 121
448 169
462 401
117 434
108 194
76 351
92 219
179 236
230 487
308 465
426 287
115 1
432 486
311 53
475 6
258 448
434 251
74 369
327 217
234 290
348 201
94 52
62 335
70 222
380 387
353 22
169 29
264 290
85 167
388 48
345 357
490 156
193 102
354 169
442 250
30 234
93 462
428 46
158 380
137 182
75 403
491 451
135 185
249 159
54 7
193 75
420 308
187 275
390 418
164 73
448 478
62 2
104 430
126 393
390 400
89 165
468 496
171 23
203 174
193 464
267 362
35 9
335 200
277 355
189 71
257 47
161 155
252 107
475 329
184 314
250 64
307 298
198 290
290 171
394 161
320 374
211 55
400 147
99 26
252 67
45 276
439 257
304 194
90 336
286 351
82 456
31 392
465 485
234 253
458 217
332 38
150 100
326 147
457 23
359 101
204 352
135 415
396 259
474 395
163 57
177 424
249 164
5 291
37 443
264 249
273 487
120 245
71 167
150 202
394 24
440 160
325 468
194 406
330 35
406 142
122 487
275 480
327 208
279 291
398 235
71 217
242 428
162 110
36 373
204 288
80 38
74 22
371 214
251 137
359 303
281 438
489 312
232 222
141 22
406 2
487 433
124 263
392 185
75 312
95 137
271 173
329 346
328 360
431 470
286 234
118 171
150 409
115 71
493 287
36 2
309 193
42 154
486 29
397 97
383 457
133 380
188 165
211 387
214 2
459 125
142 92
387 137
206 333
148 109
294 351
34 166
321 484
434 129
478 164
216 164
481 427
367 340
286 271
204 333
422 128
476 414
347 342
465 471
281 271
103 320
90 58
341 36
413 347
367 330
407 247
453 315
138 299
111 296
219 308
274 481
473 38
335 385
294 85
334 64
150 243
98 139
398 287
180 256
2 409
341 77
142 168
196 173
65 232
479 376
363 488
100 126
338 115
486 327
59 425
189 469
194 84
312 83
489 192
186 432
304 116
224 467
306 281
17 290
115 240
485 449
387 367
77 420
354 168
179 411
313 202
174 237
200 20
490 443
428 159
481 66
50 66
484 175
316 412
168 110
280 489
407 266
215 397
51 479
272 89
65 49
449 27
185 8
133 357
278 323
302 45
400 389
273 444
385 154
112 154
117 78
191 232
423 51
98 105
81 348
14 122
91 270
186 214
31 190
60 60
85 175
188 210
227 26
216 357
292 203
353 342
316 261
157 377
243 144
241 452
407 267
72 399
271 341
465 113
2 84
226 445
223 424
490 249
462 28
228 231
435 362
296 275
397 424
89 380
210 394
175 170
57 366
455 207
252 146
286 9
107 149
282 448
265 377
331 32
321 143
368 108
75 287
184 292
208 257
344 157
464 265
189 227
435 243
203 115
246 78
136 494
302 41
253 356
185 350
396 125
468 279
265 190
109 411
286 203
350 382
149 403
13 459
59 95
197 153
335 116
261 107
63 91
260 113
71 114
256 472
392 137
283 77
491 491
495 477
393 282
65 347
141 471
161 262
156 213
483 280
476 319
477 484
140 366
135 108
75 214
119 450
248 108
363 32
257 415
27 273
322 77
119 394
363 369
348 37
72 259
78 5
425 191
334 302
159 81
497 270
246 108
209 500
255 118
18 373
451 24
363 168
181 374
454 197
464 385
310 157
424 447
52 135
123 315
140 435
7 41
164 432
203 28
329 455
390 482
241 486
67 424
193 37
65 192
232 320
304 499
151 340
120 194
122 139
150 394
35 66
293 250
406 425
243 362
117 386
456 486
45 189
2 381
340 372
130 54
60 57
346 274
271 84
91 187
257 179
225 485
492 423
185 216
438 473
33 385
272 213
282 184
84 226
335 45
192 173
21 453
297 98
231 163
439 429
294 48
139 349
244 264
313 315
338 450
460 497
150 458
362 401
184 101
268 35
243 117
236 253
442 421
485 326
470 434
253 29
441 471
366 169
477 63
171 325
200 202
119 344
310 329
18 456
269 265
219 486
121 256
294 4
316 154
343 322
216 47
379 282
267 86
53 317
365 298
35 117
12 454
281 22
136 330
206 201
170 439
475 106
195 404
481 324
432 191
379 289
332 10
347 396
300 291
227 207
495 236
203 132
234 195
257 271
161 181
489 33
310 393
91 352
369 423
85 231
494 469
13 163
19 255
487 425
361 454
170 142
52 34
