1000
1 2 1 2 1 1 1 1 2 2 1 2 1 2 2 1 2 1 1 2 1 1 1 1 1 2 1 2 1 1 2 1 2 2 2 1 1 1 1 2 2 1 1 1 2 2 1 1 1 1 2 1 1 1 1 2 1 2 1 2 1 2 1 2 1 1 2 2 1 2 2 2 1 1 1 2 1 1 2 2 1 2 2 2 1 2 1 2 2 1 1 1 1 2 1 1 2 1 1 2 2 1 1 1 2 1 1 2 2 2 2 2 2 1 2 1 1 1 1 2 2 1 2 1 2 2 2 2 2 1 1 1 2 2 1 1 1 2 1 1 2 1 2 1 1 2 1 2 1 1 2 2 1 1 2 1 1 1 2 1 2 1 1 2 2 1 2 2 2 1 1 2 2 1 2 1 1 2 2 1 2 2 2 2 1 1 2 1 2 2 1 2 2 1 2 1 1 1 1 2 2 1 2 1 2 2 2 2 2 1 2 2 1 1 2 1 1 2 2 1 1 2 1 1 2 1 1 1 2 1 1 1 1 1 1 2 2 1 1 2 2 2 1 1 2 2 1 2 2 1 1 1 2 1 2 1 1 2 1 2 1 1 2 2 2 1 1 1 1 1 2 2 2 1 1 2 1 1 1 1 2 1 2 1 2 2 1 2 2 2 2 1 1 1 1 1 1 2 2 2 1 1 1 2 2 1 1 2 1 1 1 1 1 1 1 1 1 1 1 2 2 2 2 2 2 2 2 1 2 2 2 1 2 2 1 2 2 1 2 1 2 1 2 2 1 1 1 1 1 2 1 1 2 2 2 2 2 2 2 1 2 1 2 2 1 2 1 2 1 1 2 2 2 2 1 2 1 2 1 1 1 2 1 1 2 1 1 1 2 2 2 1 1 1 1 1 2 2 1 2 1 1 2 2 2 1 2 1 1 2 1 1 2 2 1 2 2 2 1 1 2 1 2 1 1 2 2 2 2 1 2 2 2 2 1 1 2 2 1 1 1 2 1 2 2 2 2 2 2 2 1 2 2 2 1 2 1 1 1 2 1 2 1 2 1 2 1 1 1 2 1 1 2 2 1 2 1 2 1 1 1 2 2 2 1 2 2 1 1 1 2 1 1 1 2 1 1 2 1 1 1 2 1 1 2 1 1 2 2 1 1 1 2 1 2 2 1 2 1 2 1 1 1 1 1 2 2 2 2 1 2 2 2 2 2 2 2 2 1 1 1 1 2 1 1 2 2 2 2 1 2 2 2 1 2 2 1 1 2 1 2 2 2 2 1 2 2 2 1 1 1 1 2 1 1 1 2 1 2 1 1 1 2 1 2 2 1 2 1 2 2 1 1 2 2 2 2 1 1 2 2 1 1 2 1 2 1 1 2 1 1 1 2 1 2 1 2 1 2 1 2 2 2 2 1 2 2 2 1 2 1 2 1 2 1 1 1 1 2 1 1 2 2 1 2 2 1 2 2 1 1 1 1 1 1 2 1 1 1 2 1 1 2 2 2 1 1 2 1 1 2 1 1 2 1 1 1 1 2 2 2 1 2 1 2 2 2 1 2 2 2 2 2 2 2 1 1 2 1 2 1 1 2 1 2 2 1 1 1 1 1 1 1 2 2 1 1 1 2 2 2 1 1 2 2 2 1 2 2 2 1 1 1 2 1 1 1 1 1 2 1 1 2 1 1 1 2 1 2 2 2 1 1 1 1 2 2 1 1 1 1 2 2 2 1 2 1 2 1 1 1 2 1 2 2 1 1 2 1 1 1 1 2 1 1 1 2 1 2 2 2 1 2 1 1 1 2 2 2 2 2 2 1 2 1 1 2 1 1 2 1 1 1 2 2 2 1 2 1 1 1 2 1 2 2 2 2 2 2 2 2 2 2 1 1 2 2 1 2 2 1 2 2 1 1 2 1 1 2 1 1 1 1 2 1 2 2 1 2 1 1 1 1 2 1 2 1 1 1 2 1 1 2 1 1 1 1 2 2 2 2 1 1 2 2 1 1 1 2 1 2 1 2 1 2 1 2 2 1 1 2 1 2 2 2 2 1 1 1 1 1 1 1 1 1 2 1 1 1 1 2 2 2 2 2 2 2 2 2 2 1 2 1 1 1 1 1 2 1 2 1 1 1 2 1 1 1 1 2 1 1 2 1 1 1 1 1 1 1 1 1 1 1 2 2 1 1 1 2 2 1 2 2 1 1 1 1 2 1 1 2 1 2 2 1 2 1 1 1 2 1 1 1 2 1 1 1 2 1 1 
2000
1 8
315 322
251 258
757 764
918 925
955 962
55 62
945 952
286 293
545 552
967 974
488 495
196 203
523 526
485 492
409 416
34 41
931 938
698 705
545 552
309 316
799 806
583 590
640 647
501 508
794 801
101 108
227 234
857 864
185 192
685 692
608 615
194 201
991 993
833 840
468 475
44 51
906 913
641 648
584 591
728 735
172 179
39 46
248 255
924 931
787 794
139 146
11 18
393 400
713 720
360 367
69 76
275 282
973 980
805 812
592 599
245 252
744 751
581 588
367 374
995 997
24 31
63 70
322 329
510 517
777 784
639 646
365 372
356 363
87 94
467 474
489 496
69 76
269 276
878 885
641 648
407 407
681 688
561 568
557 564
931 938
253 260
149 156
219 226
605 612
800 807
674 681
945 952
952 959
435 442
203 210
205 212
304 311
541 548
320 327
741 748
542 549
447 454
491 498
807 814
151 158
360 367
59 66
410 417
149 156
91 98
484 491
507 514
493 500
780 787
221 228
513 520
968 975
54 61
81 88
849 856
90 97
640 642
143 150
643 650
654 661
547 554
697 700
307 314
56 63
270 277
424 431
522 529
801 808
699 706
527 534
610 617
950 957
743 750
796 803
485 492
425 432
278 285
242 249
374 381
343 350
812 819
745 752
726 733
904 911
933 940
252 259
665 672
603 610
934 941
546 553
783 790
463 470
681 688
870 877
92 99
139 146
901 908
656 663
935 942
879 879
772 779
570 577
903 910
352 359
403 410
507 509
233 240
736 743
318 325
687 694
851 858
268 275
425 432
908 915
197 204
60 67
624 631
143 150
754 761
470 477
272 279
373 380
308 315
180 187
980 987
915 922
125 132
57 64
737 744
447 454
406 413
288 295
594 601
524 531
964 971
37 44
357 364
33 40
790 797
770 777
851 858
435 442
161 168
500 507
580 587
799 806
4 11
371 378
713 720
617 624
821 828
333 340
864 871
959 966
778 785
451 458
44 51
174 181
824 831
163 170
930 937
381 388
743 749
389 396
942 949
445 452
691 698
142 149
467 474
207 214
909 916
136 143
366 373
254 261
448 455
583 590
388 395
192 199
149 156
621 628
935 942
386 393
720 727
751 758
998 1000
257 264
137 144
775 782
786 793
841 848
755 762
496 503
785 792
122 129
600 601
157 164
742 749
470 477
363 370
882 889
519 526
404 411
725 732
288 295
734 741
296 303
705 712
446 453
345 352
945 952
480 487
747 754
107 114
82 89
389 396
597 604
184 191
370 377
713 720
565 572
804 811
259 266
105 112
176 183
989 995
254 261
251 258
952 959
236 243
190 197
877 884
857 864
144 151
921 928
990 991
532 539
980 987
794 801
539 546
935 942
796 803
297 304
459 466
299 306
731 738
418 425
451 458
429 436
712 719
250 257
451 458
86 93
244 251
853 860
671 676
708 715
78 85
442 449
887 894
54 61
120 127
741 748
280 287
51 58
127 134
900 907
840 847
859 866
206 213
435 442
942 949
980 986
4 11
641 648
936 943
215 222
393 400
256 263
842 849
425 432
557 564
769 776
678 685
987 994
705 712
197 204
639 646
978 985
972 979
501 508
780 787
288 295
168 175
179 186
931 938
528 535
99 106
871 878
796 803
574 581
438 445
683 690
290 297
661 668
544 551
216 223
910 917
511 518
292 299
846 853
651 658
840 847
543 550
111 118
338 345
531 538
100 107
21 28
808 815
724 731
976 983
864 871
123 130
396 403
542 549
177 184
881 888
809 816
75 82
977 984
993 994
667 674
779 786
459 466
575 582
136 143
683 690
645 652
229 236
657 664
317 324
516 523
581 588
619 626
111 118
613 620
992 994
367 374
260 267
132 139
362 369
833 840
777 784
345 352
419 426
277 284
249 256
22 29
23 30
957 964
458 465
515 522
415 422
212 219
485 492
762 769
174 181
255 262
762 769
171 178
125 132
439 446
130 137
512 519
256 263
16 23
620 627
530 537
118 125
525 532
864 871
723 730
869 876
578 585
143 150
378 385
92 99
136 143
217 224
386 393
639 646
956 963
261 268
627 634
734 741
897 898
197 204
976 978
310 317
713 720
279 286
415 422
679 686
24 31
389 396
700 707
844 851
209 216
742 749
430 437
742 749
887 894
979 986
368 375
978 985
310 317
762 769
778 785
718 725
335 342
222 229
326 333
624 631
175 182
118 125
611 618
167 174
328 335
402 409
869 876
127 134
55 62
345 352
387 394
890 897
732 739
757 764
791 798
970 977
989 996
837 844
266 273
344 351
252 259
50 57
797 804
792 799
69 76
939 946
977 984
418 425
384 391
425 432
976 983
490 497
61 68
43 50
842 849
385 392
195 202
740 742
593 600
850 857
743 750
688 695
942 949
838 845
732 739
123 130
650 657
569 576
997 998
345 352
908 914
250 257
732 739
143 150
817 824
959 966
207 214
593 600
24 31
998 998
414 421
369 376
930 932
901 908
214 221
207 214
617 624
140 147
105 112
699 706
149 156
86 93
323 330
653 660
88 95
291 298
574 581
685 692
523 530
497 504
560 567
323 330
542 549
870 877
360 367
937 944
621 628
279 286
228 235
28 35
118 125
884 891
862 869
446 453
556 563
138 145
618 625
87 94
846 853
800 807
746 753
152 159
920 927
363 370
258 265
270 277
449 456
562 569
428 435
29 36
508 515
458 465
781 788
514 521
40 47
67 74
783 790
496 503
551 558
473 480
789 796
396 403
75 82
116 123
394 401
201 208
444 451
96 103
642 649
853 860
291 298
886 893
958 965
121 128
906 913
289 296
628 635
117 124
34 41
650 657
614 621
658 665
84 91
540 547
759 766
742 749
352 359
17 24
33 40
268 275
33 40
804 811
625 632
770 777
559 566
348 355
216 223
25 32
732 739
287 294
964 971
520 527
95 102
765 772
198 205
712 719
796 803
88 95
594 601
921 928
698 705
171 178
298 305
389 396
347 354
448 455
363 370
448 455
816 823
281 288
222 229
318 325
178 185
224 231
856 863
68 75
386 393
622 629
458 465
230 237
475 482
144 151
722 729
720 727
322 329
725 732
73 80
181 188
53 60
137 144
235 242
331 338
681 688
53 60
34 41
956 963
546 553
37 44
387 394
455 462
151 158
337 344
918 925
325 332
643 650
533 540
522 529
61 68
989 996
361 368
864 871
440 447
345 352
641 648
132 139
469 476
117 124
134 141
503 510
166 173
829 836
195 202
247 254
306 313
375 382
449 456
757 764
945 952
544 547
12 19
5 12
971 978
693 700
979 986
234 241
585 592
306 313
684 691
976 979
970 977
951 956
605 612
792 799
199 206
398 405
212 219
792 799
168 175
239 246
513 520
328 335
157 164
892 899
871 878
710 717
958 964
253 260
822 829
251 258
323 330
53 60
691 698
244 251
356 363
930 937
918 925
969 970
82 89
825 832
940 947
489 496
564 571
936 943
243 250
220 227
668 675
771 778
137 144
152 159
64 71
600 607
229 236
541 548
793 800
395 402
155 162
553 560
15 22
474 481
20 27
220 227
211 218
937 944
316 323
277 284
515 522
431 438
483 490
236 243
345 352
543 550
21 28
413 420
764 771
761 768
618 625
275 282
622 629
287 294
542 549
347 354
325 332
728 735
34 41
445 452
794 801
568 575
657 664
87 94
357 364
510 517
276 283
449 456
39 46
677 684
206 213
130 137
574 581
683 690
849 856
65 72
589 596
653 660
959 962
789 796
873 880
857 864
850 857
702 709
989 994
850 852
477 484
593 600
967 974
536 543
600 607
496 503
337 344
565 572
904 911
8 15
481 488
985 990
436 443
105 112
697 704
135 142
833 840
210 217
207 214
254 261
344 351
106 113
342 349
729 736
707 714
736 743
812 819
272 279
747 754
627 634
546 553
517 524
69 76
955 962
623 630
551 558
144 151
535 542
373 380
922 929
968 969
164 171
962 969
908 915
734 741
508 515
616 623
793 800
286 293
309 316
6 13
865 872
912 919
390 397
589 596
501 508
296 303
989 996
651 658
974 981
966 973
492 499
684 691
190 197
366 373
951 958
308 315
685 692
336 343
784 791
310 317
485 492
378 385
948 955
296 303
902 909
17 24
827 834
916 919
515 522
268 275
603 610
177 184
619 626
649 656
565 572
856 863
8 15
678 685
207 214
776 783
244 251
313 320
960 967
947 954
927 934
496 502
415 422
654 661
930 937
163 170
317 324
404 411
792 799
740 747
206 213
364 371
439 446
286 293
613 620
566 573
11 18
867 874
349 356
778 785
468 475
732 739
128 135
593 600
211 218
653 660
891 898
258 265
280 287
446 453
8 15
495 502
399 406
740 747
563 570
213 220
735 742
526 533
589 596
992 996
994 997
816 823
637 644
124 131
912 919
851 858
802 808
149 156
147 154
787 794
490 497
552 559
284 291
488 495
494 501
864 864
452 459
406 413
395 402
786 793
132 139
405 412
226 233
104 111
895 902
993 1000
761 768
82 89
91 98
410 417
673 680
865 868
323 330
446 453
550 557
226 233
327 334
482 489
946 953
633 640
170 177
885 892
282 289
787 794
483 490
861 868
927 934
115 122
157 164
968 975
758 765
126 133
1000 1000
844 851
896 903
935 942
85 92
303 310
459 466
812 819
678 685
720 727
559 566
895 902
932 939
620 627
642 649
861 868
542 549
259 266
213 220
370 377
409 416
632 639
669 676
228 235
706 713
412 419
75 82
412 419
669 676
59 66
332 339
968 975
698 705
573 580
841 848
763 770
259 266
799 806
24 31
35 42
256 263
439 446
785 792
802 809
587 594
484 491
226 233
910 917
564 571
412 419
156 163
329 336
878 885
580 587
908 912
930 937
136 143
851 858
971 978
666 673
181 188
711 718
389 396
615 622
124 131
247 254
574 581
516 523
857 864
759 766
672 679
767 774
506 513
240 247
111 118
762 769
906 913
29 36
229 236
868 875
250 257
559 566
710 717
629 636
907 914
969 976
174 181
101 108
645 652
508 515
725 732
477 484
35 42
109 116
818 825
219 226
629 636
906 913
221 228
203 210
397 404
849 856
4 11
409 416
186 193
105 112
839 846
728 735
193 200
863 870
500 507
79 86
606 613
162 169
427 434
702 709
743 750
120 127
259 266
565 572
650 657
559 566
907 909
525 532
657 664
52 59
354 361
853 860
877 884
975 981
992 995
751 758
553 560
812 819
3 10
208 215
443 450
940 947
427 434
107 114
294 301
979 986
965 972
807 814
258 265
72 79
476 483
900 907
250 257
503 510
571 578
298 305
789 789
98 105
861 868
107 114
622 629
492 499
885 892
668 675
685 692
725 732
14 21
168 175
380 387
81 88
269 276
564 571
570 577
728 735
714 721
388 395
515 522
983 984
938 945
628 635
213 220
518 525
176 183
960 964
141 148
977 984
135 142
357 364
16 23
303 310
153 160
438 445
659 666
461 468
916 923
736 743
484 491
348 355
32 39
150 157
550 557
167 174
250 257
494 501
480 487
374 381
156 160
441 448
703 710
405 412
114 121
39 46
560 567
886 893
927 934
233 240
279 286
707 714
126 133
717 724
667 674
501 508
665 672
46 53
574 581
912 919
333 340
209 216
90 97
116 123
172 179
937 944
351 358
965 972
314 321
396 403
934 941
860 867
593 600
292 299
626 633
85 92
574 581
151 158
841 848
103 110
49 56
919 926
144 151
318 325
336 343
434 441
460 467
404 411
892 899
147 154
561 568
876 883
642 649
160 167
935 942
454 461
644 651
226 233
688 695
990 993
446 453
288 295
75 82
860 867
482 489
44 51
205 212
13 20
12 19
460 467
146 153
553 560
478 485
370 377
600 607
515 522
405 412
717 724
733 740
805 812
18 25
806 807
963 970
305 312
963 965
972 979
836 843
632 639
575 582
24 31
384 391
671 678
477 484
569 576
968 973
357 364
662 669
721 728
670 677
335 342
974 974
311 318
482 489
700 707
231 238
555 562
128 135
617 624
894 901
157 164
205 212
414 421
308 315
702 709
973 980
999 999
798 805
485 492
455 462
844 851
478 485
491 498
575 582
522 529
391 398
488 495
987 994
488 495
821 825
660 667
175 181
274 281
155 162
966 970
474 481
161 168
779 786
57 64
822 829
865 872
442 449
962 969
212 219
329 336
873 880
899 906
165 172
143 150
37 44
619 626
378 385
362 369
175 182
172 179
86 93
670 677
789 796
443 450
662 665
771 778
567 574
420 427
488 495
206 213
403 410
3 10
361 368
167 174
906 913
380 387
932 939
809 816
609 616
956 963
474 481
189 196
281 288
846 853
501 508
304 311
951 958
143 150
269 276
608 615
948 955
458 465
819 826
931 938
118 125
452 459
672 679
576 583
357 364
569 576
223 230
356 363
879 886
685 692
534 541
798 805
781 788
340 347
322 329
459 466
35 42
580 587
96 103
627 634
644 651
605 612
788 795
130 137
892 899
744 751
710 717
624 631
620 627
893 900
832 839
665 672
514 521
914 921
10 17
422 429
494 501
899 906
918 925
866 873
662 669
357 364
236 243
54 61
954 961
674 681
934 941
366 373
513 520
424 431
29 36
50 57
995 998
90 97
987 994
189 196
364 371
726 733
367 374
65 72
471 478
637 644
28 35
921 926
193 200
78 85
354 361
446 453
970 970
515 522
956 958
730 737
448 455
746 753
320 327
16 23
363 370
965 972
170 177
2 9
218 225
466 473
609 616
554 561
980 987
900 907
672 679
434 441
24 31
9 16
823 830
739 746
94 101
466 473
464 471
594 601
988 995
110 117
234 241
398 405
90 97
671 678
337 344
556 563
549 556
732 739
796 803
683 690
328 335
181 188
973 980
224 231
406 413
994 999
325 332
315 322
865 872
948 955
805 812
896 903
375 382
130 137
742 749
303 310
232 239
541 548
810 817
964 971
881 888
260 267
793 800
416 423
844 851
10 17
214 221
334 341
662 669
811 818
287 294
903 910
479 486
442 449
744 751
199 206
21 28
982 989
743 750
661 668
66 73
65 72
425 432
527 534
769 776
543 550
173 180
796 803
245 252
405 412
356 363
160 167
474 481
927 934
328 335
19 26
306 313
17 24
353 360
442 449
98 105
559 566
33 40
141 148
674 681
181 188
425 432
319 326
88 95
256 263
353 360
537 544
77 84
930 937
29 36
359 366
247 254
18 25
83 90
642 649
877 884
682 689
774 781
228 235
983 990
128 135
213 220
575 582
163 170
333 340
372 379
871 878
553 560
241 248
426 433
11 18
544 551
517 524
882 889
752 759
14 21
791 798
723 730
270 277
316 323
378 385
423 430
345 352
159 166
243 250
520 527
113 120
257 264
453 460
350 357
298 305
774 781
493 500
746 753
605 612
24 31
679 686
807 814
997 997
107 114
200 207
939 946
747 754
409 416
418 425
362 369
355 362
591 598
643 650
571 578
572 579
278 285
550 557
801 808
284 291
11 18
752 759
916 923
634 641
360 367
340 347
758 765
186 193
65 72
808 815
838 845
244 251
575 582
462 469
272 279
45 52
689 696
932 939
963 970
196 203
206 213
236 243
961 961
599 606
227 234
21 28
771 778
236 243
379 386
816 823
739 746
360 367
459 466
235 242
319 326
243 250
546 553
121 128
285 292
482 489
687 694
705 712
249 256
476 483
426 433
171 178
305 312
390 397
377 384
550 557
506 513
591 598
717 724
172 179
160 167
804 811
715 722
748 755
506 513
973 980
652 659
319 326
195 202
373 380
237 244
227 234
930 937
366 373
559 566
724 731
371 378
772 779
392 399
198 205
124 131
973 980
264 271
444 451
521 528
792 799
101 108
780 787
656 663
778 785
880 887
577 584
822 829
442 449
462 469
800 807
112 119
110 117
208 215
659 666
747 754
740 747
235 242
417 424
564 571
43 50
760 764
691 698
536 543
415 422
245 252
689 693
526 533
488 495
930 935
771 778
456 463
859 866
941 948
736 743
422 429
223 230
247 254
187 194
427 434
834 841
260 267
233 240
845 852
826 833
847 854
748 755
585 592
796 803
724 731
571 578
885 892
928 935
660 666
648 655
221 228
691 698
764 771
192 199
599 606
620 627
879 886
23 30
727 734
815 822
823 830
914 921
195 202
309 316
752 759
586 593
71 78
218 225
750 757
23 30
506 513
214 221
449 456
419 426
56 63
957 964
288 295
147 154
478 485
63 70
851 858
906 913
713 720
264 271
247 254
342 349
103 110
425 432
950 957
224 231
868 875
573 580
597 604
656 663
215 222
733 740
949 956
743 750
3 10
916 923
490 497
227 234
582 589
452 459
47 54
351 358
581 588
791 798
967 974
448 455
6 13
871 878
77 84
857 864
684 691
647 654
214 221
920 927
719 726
503 510
602 609
479 486
497 504
588 595
422 429
460 467
338 345
110 117
237 244
241 248
317 324
400 407
890 897
588 595
409 416
867 874
519 526
376 383
506 513
715 722
650 657
859 866
53 60
392 399
699 706
46 53
655 662
735 742
495 502
560 567
438 445
375 382
672 679
43 50
150 157
236 243
379 386
437 444
341 348
439 446
704 711
584 591
263 270
756 763
741 748
626 633
708 715
171 178
900 907
638 645
789 796
528 535
72 79
450 457
283 290
283 290
228 235
863 870
832 839
576 583
308 315
277 284
940 947
944 947
850 850
788 795
441 448
510 517
162 169
83 90
311 318
35 42
750 757
820 827
169 176
922 929
684 684
854 861
46 53
925 932
603 610
506 513
473 480
182 189
353 360
911 918
513 520
351 358
256 263
854 861
737 744
299 306
20 27
703 710
521 528
426 433
743 750
738 745
140 147
553 560
85 92
974 981
24 31
663 670
696 703
222 229
49 56
521 528
509 516
559 566
679 686
71 78
357 364
123 130
283 290
477 484
534 541
9 16
173 180
484 491
295 302
411 418
41 48
950 957
79 86
622 629
790 797
493 500
39 46
998 1000
398 405
589 596
611 618
375 382
337 344
405 412
