1000
2 1 1 2 1 2 2 2 2 1 2 2 1 2 2 1 1 1 1 2 1 1 1 2 2 1 1 2 1 2 1 2 2 1 1 1 1 2 1 1 1 2 2 1 2 1 1 2 1 2 2 2 1 2 1 2 1 2 2 2 1 2 2 1 2 2 2 2 2 1 1 1 1 2 1 1 1 1 2 1 2 2 2 2 2 1 1 2 2 1 2 1 2 1 2 2 2 2 1 2 1 1 2 1 2 1 1 1 1 1 1 1 2 1 1 1 1 2 1 2 2 2 2 2 2 1 2 2 2 1 1 2 2 2 2 2 2 2 1 2 1 1 2 2 2 1 1 1 2 1 2 1 1 1 2 1 2 2 2 2 2 2 2 1 1 2 2 1 2 1 2 2 1 1 2 2 1 2 2 1 2 2 2 1 1 2 1 1 1 2 2 1 2 2 2 1 1 1 2 2 1 2 2 2 2 1 1 2 1 2 2 2 2 1 1 2 1 1 1 1 1 1 2 2 2 1 2 1 1 1 2 2 2 1 1 2 1 1 2 2 1 2 1 2 2 2 1 1 2 2 2 2 1 1 2 2 1 2 2 2 2 2 1 1 2 2 2 1 2 2 1 1 1 2 1 2 1 1 1 1 1 1 1 1 1 2 2 2 2 1 2 1 2 2 2 2 1 1 1 1 2 1 2 2 2 2 2 2 2 1 2 2 1 2 2 1 2 2 2 2 2 2 1 1 1 2 1 1 1 1 2 1 2 2 2 2 1 2 1 1 1 2 2 2 2 1 2 2 1 2 1 1 1 1 1 1 1 2 2 1 1 2 1 2 2 2 1 2 2 2 1 1 2 1 1 2 2 1 1 1 1 2 2 2 1 2 2 2 1 1 1 1 2 1 1 1 2 1 1 2 2 2 1 1 2 2 1 2 2 2 1 2 2 2 2 2 1 1 1 1 1 2 2 1 2 1 1 1 1 1 1 1 1 2 1 2 2 2 1 1 1 2 1 2 2 2 1 2 2 2 2 1 1 1 2 2 2 2 1 1 2 2 2 1 2 1 1 1 1 2 2 2 1 1 1 1 1 2 1 1 1 2 2 2 1 2 2 2 1 2 1 2 2 2 2 1 2 1 2 1 2 2 2 2 1 1 1 2 1 2 1 2 2 1 1 1 2 2 2 2 1 1 1 2 2 1 1 1 2 1 1 2 1 1 1 2 2 2 1 2 2 2 2 2 1 2 1 1 2 2 2 2 1 1 2 2 2 2 1 2 2 2 1 1 2 1 1 1 2 2 2 1 1 1 1 2 2 2 1 1 1 2 1 1 2 1 1 1 2 1 2 1 2 2 2 2 2 2 1 2 1 2 1 2 1 1 2 2 1 1 1 2 1 1 1 2 2 1 2 2 1 1 1 2 2 1 2 2 2 1 1 1 2 2 2 1 1 2 1 1 2 1 1 2 1 1 2 2 2 2 1 2 2 1 1 2 2 1 1 1 2 2 1 1 1 2 1 1 1 2 2 2 1 1 2 2 2 2 1 2 2 2 2 2 1 1 2 1 2 2 1 2 1 1 2 2 2 2 2 2 1 1 1 2 2 2 2 2 1 2 2 1 1 2 1 1 1 1 2 2 1 1 2 2 2 2 2 2 1 2 2 1 2 1 2 2 1 2 1 1 2 1 1 2 2 2 1 1 1 1 1 1 2 2 2 1 1 1 2 2 1 2 2 1 1 2 1 2 1 2 2 1 1 1 1 1 1 1 1 1 1 1 2 1 2 1 1 2 1 1 2 1 2 2 2 1 1 2 2 1 1 2 2 1 1 1 2 1 1 1 1 2 2 2 2 1 1 1 1 1 1 2 2 1 1 2 2 2 2 1 1 1 2 2 1 2 1 1 1 1 2 1 1 1 2 2 1 2 2 1 1 1 1 1 1 2 1 2 2 2 1 2 2 1 2 2 1 1 1 2 2 2 1 1 2 1 2 1 1 1 1 2 2 2 1 2 1 1 1 1 1 2 1 1 1 1 1 2 1 1 2 1 1 1 1 2 2 1 1 2 2 2 2 1 1 1 2 2 1 2 1 1 1 2 2 2 2 2 2 2 1 2 1 2 1 1 2 2 1 2 1 1 1 2 1 2 2 1 1 1 1 2 1 2 2 2 1 1 2 1 2 1 1 1 2 1 2 1 1 1 2 1 1 2 2 1 1 1 1 1 1 1 1 2 1 2 1 1 2 2 2 1 1 1 1 1 2 2 1 1 
1000
815 819
833 840
938 945
729 736
82 89
77 84
273 280
658 665
335 342
909 916
257 264
546 553
58 65
876 883
504 511
758 765
128 135
89 96
628 635
911 918
684 691
383 390
739 746
594 601
483 490
46 53
883 890
872 879
352 359
864 871
122 129
111 118
41 48
812 819
775 782
136 143
864 871
526 533
383 390
871 878
515 522
948 955
610 617
765 772
596 603
155 162
467 474
929 933
393 400
800 807
571 578
443 450
829 836
832 839
94 101
384 391
965 972
128 135
284 291
865 872
844 851
406 413
698 705
556 563
184 191
974 979
983 990
841 848
483 490
981 988
375 382
998 999
299 306
218 225
531 538
852 859
314 321
88 95
823 830
144 151
111 118
910 917
827 834
379 386
891 898
239 246
202 209
82 89
676 683
666 673
822 829
838 845
685 692
795 802
162 169
276 283
29 36
232 239
695 702
71 78
812 819
292 299
704 711
506 513
417 424
344 351
638 645
974 981
30 37
773 780
812 819
578 585
490 497
755 762
724 731
901 904
934 941
646 653
248 255
342 349
537 544
707 714
770 777
149 156
652 659
87 94
948 955
872 879
206 213
113 120
897 904
127 134
105 112
227 234
282 289
936 943
980 987
332 339
626 633
451 458
479 486
689 696
755 762
255 262
354 361
824 831
974 981
507 514
638 645
779 786
31 35
902 909
850 857
915 922
318 325
776 781
904 911
419 426
800 807
559 566
501 508
529 536
259 266
3 10
4 11
704 711
566 573
521 528
716 723
40 47
111 118
452 459
246 253
468 475
123 130
351 358
912 919
451 458
369 376
845 852
836 843
217 224
503 510
881 888
305 312
643 650
508 515
846 853
985 991
614 621
380 387
705 712
545 552
240 241
767 774
2 9
229 236
189 196
467 474
806 813
505 512
243 250
325 332
528 535
297 304
823 830
4 11
659 666
986 986
358 365
390 397
945 952
207 214
381 388
928 930
320 327
437 444
786 793
227 234
104 111
287 294
344 351
970 977
758 765
587 594
159 166
557 564
348 355
186 193
601 608
673 680
718 725
844 851
798 805
885 892
615 622
754 761
849 856
334 341
50 57
554 561
113 120
596 603
689 696
47 54
617 624
27 34
570 577
166 173
928 933
51 58
140 147
122 129
129 136
465 472
87 94
793 800
812 819
147 154
881 888
597 604
708 715
96 103
106 113
308 315
944 951
254 261
497 504
48 55
562 569
738 745
620 627
904 911
202 209
931 938
876 883
573 580
115 122
831 838
135 142
797 804
733 740
869 876
236 243
115 122
410 417
377 384
906 913
181 188
346 353
675 682
58 65
869 876
895 895
960 967
896 903
393 400
304 311
280 287
878 885
68 75
290 297
150 157
473 480
778 785
963 970
956 963
618 625
79 86
222 229
292 299
671 678
249 256
786 793
720 727
215 222
809 816
706 707
370 377
817 824
614 621
822 829
892 895
950 957
490 497
392 399
642 649
170 177
980 987
657 664
195 202
775 782
244 251
282 289
428 435
938 945
2 9
347 354
381 388
948 955
15 22
359 366
442 449
146 153
826 833
749 756
796 803
590 597
132 139
225 232
725 732
804 811
645 652
850 857
935 942
13 20
565 572
889 896
133 140
855 862
27 34
88 95
616 623
891 898
930 937
633 640
508 515
654 661
247 254
226 233
536 543
281 288
444 451
872 879
234 241
985 992
448 455
208 215
601 608
719 726
325 332
720 727
337 344
697 704
904 911
492 499
554 561
855 862
885 892
850 857
809 816
263 270
416 423
607 614
6 13
778 785
629 636
823 830
12 19
645 652
641 648
784 791
597 604
113 120
815 822
719 726
467 474
155 162
420 427
827 834
95 102
580 587
83 90
397 404
718 725
482 489
409 416
126 133
887 894
165 172
554 561
193 200
895 902
859 866
875 882
837 844
213 220
605 612
389 396
484 491
878 885
623 630
857 864
894 901
658 665
92 99
422 429
943 950
325 332
312 319
661 668
420 427
15 22
68 75
182 189
778 785
765 772
758 765
791 798
816 823
453 460
14 21
828 835
688 695
534 541
186 193
514 521
18 25
470 477
923 930
715 722
560 567
961 968
77 84
717 724
739 746
897 904
19 26
947 954
37 44
608 615
193 200
707 714
189 196
88 95
392 399
14 21
534 541
292 299
741 748
67 74
168 175
621 628
394 401
580 587
950 951
182 189
708 715
831 838
542 545
391 398
668 675
190 197
452 459
198 205
182 189
200 207
191 198
641 648
237 244
990 995
43 50
733 740
684 691
246 253
413 420
50 57
678 685
123 130
954 961
661 668
800 807
404 411
16 23
677 684
378 385
833 840
747 754
751 758
737 744
169 176
650 657
210 217
624 631
782 789
103 110
443 450
730 737
127 134
203 210
834 841
314 321
461 468
919 926
35 42
291 298
815 822
292 299
94 101
672 679
902 902
477 484
151 153
381 388
281 288
967 974
223 230
652 659
923 930
232 239
465 472
970 977
24 31
965 972
6 13
495 502
843 850
378 385
402 409
130 137
707 714
110 117
805 812
130 137
426 433
244 251
698 705
901 908
101 108
643 650
259 266
733 740
662 669
391 398
427 434
854 861
637 644
318 325
546 553
58 65
874 881
403 410
933 935
718 725
508 515
959 966
12 19
66 73
342 349
523 530
930 937
172 179
997 998
632 639
496 503
717 724
332 339
743 750
986 992
19 26
640 647
897 904
201 208
606 613
795 802
368 375
1000 1000
435 442
949 956
979 981
15 22
587 594
326 333
646 653
682 689
909 916
582 589
792 799
842 849
504 511
862 869
636 643
963 966
266 273
740 747
873 880
237 244
188 195
11 18
690 697
620 627
764 771
120 127
870 877
728 735
649 656
78 85
928 935
765 772
490 497
619 626
712 719
380 387
776 783
1000 1000
497 504
784 791
391 398
893 900
937 944
962 969
897 904
139 146
196 203
358 365
435 442
224 231
17 24
971 972
342 349
607 614
579 586
399 406
639 646
310 317
226 233
729 736
608 615
670 677
512 519
773 780
701 708
662 669
196 203
547 554
615 622
303 310
570 577
768 775
93 100
169 176
785 792
987 994
646 653
757 764
67 74
586 593
856 863
194 201
705 712
259 264
828 835
721 728
221 228
739 746
303 310
432 439
550 557
778 785
842 849
115 122
175 182
149 156
971 978
246 253
424 431
267 274
178 185
956 962
635 642
241 248
326 333
755 762
808 815
150 157
533 540
685 692
730 737
199 206
319 326
937 943
352 359
812 819
140 147
32 39
573 580
209 216
721 728
488 495
504 511
998 1000
327 334
573 580
53 60
943 950
980 987
851 858
842 849
676 683
921 928
365 372
843 850
427 434
786 793
145 152
398 405
530 537
32 39
42 49
48 55
437 444
234 241
197 204
830 837
190 197
696 703
836 843
445 452
991 993
319 326
166 173
674 681
730 737
960 967
52 59
970 977
282 289
97 104
646 653
444 451
759 766
682 689
20 27
194 201
238 245
553 560
453 460
564 571
126 133
927 934
260 267
733 740
621 628
624 631
30 37
860 867
105 112
527 534
349 356
796 803
119 126
64 71
536 543
724 731
95 102
716 723
481 488
599 606
446 453
305 312
878 885
141 148
187 194
919 926
24 31
73 80
130 137
324 331
407 414
393 400
21 28
616 623
459 466
417 424
990 990
898 905
645 652
8 15
349 356
745 752
636 643
202 209
312 319
844 851
984 988
468 475
902 909
187 194
635 642
459 466
331 338
436 443
715 720
229 236
712 719
703 710
169 176
246 253
248 255
873 880
117 124
661 668
980 987
957 964
608 614
813 820
96 103
614 621
632 639
764 771
403 410
151 158
608 615
623 630
603 610
163 170
581 588
340 347
574 581
653 660
674 681
222 229
218 225
706 713
405 412
853 860
934 941
258 265
560 567
99 106
815 822
202 209
81 88
225 232
317 324
581 588
58 65
784 791
179 186
182 189
433 440
696 703
826 833
392 399
97 104
868 875
174 181
678 685
16 23
155 162
383 390
707 714
143 150
945 952
770 777
251 258
581 588
540 547
910 917
656 663
452 459
168 175
207 214
87 94
410 417
91 98
263 270
808 815
9 16
810 817
559 566
625 632
872 879
290 297
562 569
964 971
784 791
896 903
827 834
124 131
55 62
113 120
754 761
92 99
665 672
298 305
731 738
752 759
26 33
434 441
239 246
122 129
717 724
67 74
417 424
990 997
832 839
885 892
202 209
807 814
813 820
987 990
477 484
352 359
923 923
884 891
940 947
515 522
499 506
283 290
745 752
621 628
620 627
495 502
494 501
168 175
320 327
571 578
534 541
344 351
140 147
831 838
209 216
727 734
611 618
798 805
820 827
457 464
459 466
846 853
598 605
128 135
207 214
331 338
484 491
153 160
412 419
429 436
902 909
845 852
924 931
989 996
497 504
442 449
550 557
500 507
491 498
679 686
964 971
435 442
921 928
475 482
171 178
876 883
420 427
927 934
7 14
280 287
408 415
719 726
