20 150 4 1
17 1
9 6
2 19
9 12
3 1
17 6
2 8
13 17
17 10
18 16
19 18
3 10
6 4
5 7
19 1
19 8
18 20
3 20
7 19
5 20
7 9
9 15
19 6
2 3
2 20
12 5
4 10
17 14
9 14
14 6
20 8
6 18
7 10
17 5
19 5
11 9
3 13
11 16
12 11
12 13
17 12
5 14
6 13
7 11
15 16
20 15
8 11
15 14
4 1
10 12
16 7
16 12
20 13
4 18
3 14
9 10
8 6
13 19
13 11
4 2
15 19
10 11
9 8
19 16
17 18
16 10
9 16
16 17
10 20
1 13
14 12
3 19
17 15
16 14
19 9
15 8
15 10
4 16
8 1
11 17
14 8
13 10
14 18
2 9
12 20
7 3
8 4
11 18
16 20
6 10
19 12
8 12
4 20
16 3
20 6
2 10
5 8
1 15
17 8
11 20
20 14
18 8
14 11
4 14
5 4
19 11
5 9
15 2
7 18
2 16
17 7
12 1
18 12
19 10
16 8
4 17
15 13
12 3
18 1
5 6
7 6
17 9
11 4
4 13
8 10
14 19
11 2
19 17
18 3
13 5
9 3
16 5
15 6
7 2
5 1
3 4
2 17
10 1
19 4
18 9
3 11
7 4
19 20
1 9
7 8
12 4
2 5
9 4
9 20
10 18
0.26
0.33
0.48
0.05
0.94
0.95
0.32
0.83
0.14
0.08
0.38
0.57
0.67
0.50
0.22
0.81
0.46
0.65
0.78
0.86
