10
47 51 196 191 753 816 78 418 653 786 444 82 480 165 315 492 365 542 443 175 820 877 877 877 877 877 877 877 877 877 877 877 877 877 877 877 877 877 877 877 877 877 877 877 877 877 877 877
57 395 154 293 105 759 300 425 602 186 679 740 138 116 619 235 867 373 248 640 133 628 516 134 280 233 877 877 877 877 877 877 877 877 877 877 877 877 877 877 877 877 877 877 877 877 877 877 877 877 877 877 877 877 877 877 877 877
73 190 730 115 458 214 309 744 582 831 95 343 779 39 405 266 89 289 289 271 173 848 724 260 127 105 591 692 442 98 407 715 41 336 877 877 877 877 877 877 877 877 877 877 877 877 877 877 877 877 877 877 877 877 877 877 877 877 877 877 877 877 877 877 877 877 877 877 877 877 877 877 877 877
134 406 661 340 440 582 361 777 876 282 868 71 800 276 491 333 329 128 756 449 421 255 718 780 284 823 553 102 462 637 682 615 656 132 568 468 665 713 727 308 136 392 220 431 212 854 666 524 652 164 274 279 677 812 800 413 374 468 814 549 10 567 737 37 140 277 277 277 277 277 277 277 877 877 877 877 877 877 877 877 877 877 877 877 877 877 877 877 877 877 877 877 877 877 877 877 877 877 877 877 877 877 877 877 877 877 877 877 877 877 877 877 877 877 877 877 877 877 877 877 877 877 877 877 877 877 877 877 877 877 877 877 877 877 877
22 112 543 172 284 391 320 753 628 877 877 877 877 877 877 877 877 877 877 877 877 877 877
68 24 143 346 779 748 221 438 367 501 345 409 534 95 672 645 142 605 497 212 343 162 398 375 806 389 350 54 246 109 752 762 877 877 877 877 877 877 877 877 877 877 877 877 877 877 877 877 877 877 877 877 877 877 877 877 877 877 877 877 877 877 877 877 877 877 877 877 877
119 588 468 221 862 93 559 268 668 279 479 12 745 278 601 519 789 430 865 734 862 874 486 86 485 583 161 81 254 565 315 463 312 706 711 374 734 433 645 304 480 410 503 767 373 296 628 823 848 302 821 122 15 777 501 651 717 877 877 877 877 877 877 877 877 877 877 877 877 877 877 877 877 877 877 877 877 877 877 877 877 877 877 877 877 877 877 877 877 877 877 877 877 877 877 877 877 877 877 877 877 877 877 877 877 877 877 877 877 877 877 877 877 877 877 877 877 877 877 877
26 53 522 87 740 111 417 4 594 762 158 877 877 877 877 878 877 877 877 877 877 877 877 877 877 877 877
14 53 502 459 370 877 877 877 877 877 877 877 877 877 877
34 877 877 877 834 427 676 235 375 438 50 413 706 711 691 577 577 867 877 877 877 877 877 877 877 877 877 877 877 877 877 877 877 877 877
