10
47 977 977 977 977 977 977 977 977 977 977 977 977 977 977 977 977 977 977 977 977 977 977 977 977 977 522 353 579 227 770 512 446 44 537 721 230 351 876 989 492 5 976 840 452 488 647 912
72 977 977 977 977 977 977 977 977 977 977 977 977 977 977 977 977 977 977 977 977 977 977 977 977 977 977 977 977 977 977 977 977 977 977 977 977 977 977 293 419 473 771 776 953 463 790 814 572 873 970 743 378 87 922 788 881 416 424 725 677 187 733 338 887 623 726 759 854 98 896 748 769
43 977 977 977 977 977 977 977 977 977 977 977 977 977 977 977 977 977 977 977 977 977 977 977 779 353 45 257 846 289 197 68 967 322 715 528 875 936 748 443 396 52 195 466
74 977 977 977 977 977 977 977 977 977 977 977 977 977 977 977 977 977 977 977 977 977 977 977 977 977 977 977 977 977 977 977 977 977 977 977 977 977 977 977 687 660 157 15 811 874 979 398 971 387 993 536 699 357 553 602 167 89 996 590 846 209 652 746 771 958 20 313 767 453 37 830 6 130 289
6 977 977 977 977 977 856
6 977 977 977 977 977 113
75 977 977 977 977 977 977 977 977 977 977 977 977 977 977 977 977 977 977 977 977 977 977 977 977 977 977 977 977 977 977 977 977 977 977 977 977 977 977 977 59 330 189 691 422 840 725 620 44 89 432 154 990 788 9 440 201 282 62 371 503 324 835 414 988 934 306 786 294 643 441 22 588 70 462 256
36 977 977 977 977 977 977 977 977 977 977 977 977 977 977 977 977 977 977 977 977 688 817 659 462 378 706 598 612 502 677 54 612 423 322 927 402
64 977 977 977 977 977 977 977 977 977 977 977 977 977 977 977 977 977 977 977 977 977 977 977 977 977 977 977 977 977 977 977 977 977 977 609 94 430 269 726 557 306 747 54 6 497 23 919 798 182 468 738 936 721 550 859 428 353 636 880 542 352 638 990 503
74 977 977 977 977 977 977 977 977 977 977 977 977 977 977 977 977 977 977 977 977 977 977 977 977 977 977 977 977 977 977 977 977 977 977 977 977 977 977 977 265 568 650 865 394 243 42 860 706 35 799 205 546 103 386 614 591 402 531 470 276 498 637 641 854 841 327 647 859 94 239 533 692 593 329
