10
25 218 218 218 218 218 218 218 218 218 218 218 218 218 218 218 218 218 218 218 218 218 218 218 218 218
47 522 353 579 227 770 512 446 44 537 721 230 351 876 989 492 5 976 840 452 488 647 912 154 293 419 473 771 776 953 463 790 814 572 873 970 743 378 87 922 788 881 416 424 725 677 187 733
22 887 623 726 759 854 98 896 748 769 611 779 353 45 257 846 289 197 68 967 322 715 528
104 936 748 443 396 52 195 466 558 687 660 157 15 811 874 979 398 971 387 993 536 699 357 553 602 167 89 996 590 846 209 652 746 771 958 20 313 767 453 37 830 6 130 289 845 856 619 113 561 59 330 189 691 422 840 725 620 44 89 432 154 990 788 9 440 201 282 62 371 503 324 835 414 988 934 306 786 294 643 441 22 588 70 462 256 901 688 817 659 462 378 706 598 612 502 677 54 612 423 322 927 402 54 609 94
23 269 726 557 306 747 54 6 497 23 919 798 182 468 738 936 721 550 859 428 353 636 880 542
121 638 990 503 661 265 568 650 865 394 243 42 860 706 35 799 205 546 103 386 614 591 402 531 470 276 498 637 641 854 841 327 647 859 94 239 533 692 593 329 57 252 245 745 980 210 873 955 214 545 251 641 345 116 389 713 441 899 930 518 957 203 914 420 945 95 353 706 52 715 567 561 974 462 91 743 607 517 67 948 913 731 441 817 301 472 18 616 255 316 170 520 702 827 860 26 182 161 797 241 37 423 375 777 489 586 444 598 463 540 236 115 782 763 188 460 328 75 736 566 616 489
91 986 194 265 307 477 371 154 561 331 492 810 169 735 410 732 802 300 326 428 279 114 913 839 836 9 326 838 406 616 716 67 482 157 266 283 151 168 551 511 207 497 81 723 371 518 305 85 233 598 758 710 226 338 487 107 175 61 842 933 13 413 233 635 556 427 342 900 422 950 445 220 867 155 509 382 540 202 825 367 767 675 244 28 112 505 301 649 815 112 618 632
39 928 57 63 101 224 97 514 557 675 792 71 517 143 274 380 104 922 245 385 480 68 313 258 236 924 769 836 951 680 307 587 141 734 702 688 104 132 655 758
14 381 423 533 691 660 921 560 22 549 183 222 807 142 154
120 38 770 267 376 604 318 80 825 186 125 904 138 653 497 665 517 632 703 645 25 499 605 921 8 124 669 747 301 226 622 268 285 221 141 46 387 99 862 430 623 217 584 878 967 279 827 953 912 717 869 991 765 16 630 390 47 511 204 137 458 310 797 415 331 496 124 177 930 859 917 503 495 33 466 463 559 205 789 872 453 91 438 878 528 617 286 630 385 551 397 425 341 939 449 933 62 705 143 754 751 619 114 496 202 302 578 578 957 363 943 90 14 594 822 673 24 521 412 599 970
