10
47 977 977 977 977 977 977 977 977 977 977 977 977 977 977 977 977 977 977 977 977 977 977 522 353 579 227 770 512 446 44 537 721 230 351 876 989 492 5 976 840 452 488 647 912 154 293 419
62 977 977 977 977 977 977 977 977 977 977 977 977 977 977 977 977 977 977 977 977 977 977 977 977 977 977 977 977 977 977 771 776 953 463 790 814 572 873 970 743 378 87 922 788 881 416 424 725 677 187 733 338 887 623 726 759 854 98 896 748 769 611
29 977 977 977 977 977 977 977 977 977 977 977 977 977 353 45 257 846 289 197 68 967 322 715 528 875 936 748 443 396
63 977 977 977 977 977 977 977 977 977 977 977 977 977 977 977 977 977 977 977 977 977 977 977 977 977 977 977 977 977 977 195 466 558 687 660 157 15 811 874 979 398 971 387 993 536 699 357 553 602 167 89 996 590 846 209 652 746 771 958 20 313 767 453
44 977 977 977 977 977 977 977 977 977 977 977 977 977 977 977 977 977 977 977 977 977 830 6 130 289 845 856 619 113 561 59 330 189 691 422 840 725 620 44 89 432 154 990 788
80 977 977 977 977 977 977 977 977 977 977 977 977 977 977 977 977 977 977 977 977 977 977 977 977 977 977 977 977 977 977 977 977 977 977 977 977 977 977 977 440 201 282 62 371 503 324 835 414 988 934 306 786 294 643 441 22 588 70 462 256 901 688 817 659 462 378 706 598 612 502 677 54 612 423 322 927 402 54 609 94
23 977 977 977 977 977 977 977 977 977 977 269 726 557 306 747 54 6 497 23 919 798 182 468
110 977 977 977 977 977 977 977 977 977 977 977 977 977 977 977 977 977 977 977 977 977 977 977 977 977 977 977 977 977 977 977 977 977 977 977 977 977 977 977 977 977 977 977 977 977 977 977 977 977 977 977 977 977 977 936 721 550 859 428 353 636 880 542 352 638 990 503 661 265 568 650 865 394 243 42 860 706 35 799 205 546 103 386 614 591 402 531 470 276 498 637 641 854 841 327 647 859 94 239 533 692 593 329 57 252 977 745 980 210 873
93 977 977 977 977 977 977 977 977 977 977 977 977 977 977 977 977 977 977 977 977 977 977 977 977 977 977 977 977 977 977 977 977 977 977 977 977 977 977 977 977 977 977 977 977 977 214 545 251 641 345 116 389 713 441 899 930 518 957 203 914 420 945 95 353 706 52 715 567 561 974 462 91 743 607 517 67 948 913 731 977 817 301 472 18 616 255 316 170 520 702 827 860 26
98 977 977 977 977 977 977 977 977 977 977 977 977 977 977 977 977 977 977 977 977 977 977 977 977 977 977 977 977 977 977 977 977 977 977 977 977 977 977 977 977 977 977 977 977 977 977 977 977 161 797 241 37 423 375 777 489 586 444 598 463 540 236 115 782 763 188 460 328 75 736 566 616 489 924 966 194 265 307 477 371 154 561 331 492 810 169 735 410 977 802 300 326 428 279 114 913 839 836
